numero,nombre,fecha,contenido,categoria
ET-AT001,ET-AT001 Transformadores de potencia 500 / 115 kV,11/01/2004,"<div class="contenido">


<div class="internas">


<div class="caja_texto wikiformat">

<div style="clear:left;">
</div>
<h2 id="heading_0">
        1. OBJETO
       </h2>
       La presente
       <a class="externalLink glosarioLink use-ajax" data-dialog-type="modal" href="/taxonomy/term/163/definition" id="version-196">
        especificación técnica
       </a>
       establece los requisitos generales para el diseño, fabricación, pruebas, transporte,  montaje, pruebas en sitio durante la puesta en
       <a class="externalLink glosarioLink use-ajax" data-dialog-type="modal" href="/taxonomy/term/320/definition" id="version-359">
        servicio
       </a>
       e instrucciones para la operación y
       <a class="externalLink glosarioLink use-ajax" data-dialog-type="modal" href="/taxonomy/term/236/definition" id="version-271">
        mantenimiento
       </a>
       de transformadores de potencia a ser suministrados a Enel Colombia S.A ESP, en adelante el Cliente, para ser instalados en sus subestaciones de 500 kV.
       <br/>
<br/>
       A menos que se indique lo contrario, la
       <a class="externalLink glosarioLink use-ajax" data-dialog-type="modal" href="/taxonomy/term/163/definition" id="version-196">
        especificación técnica
       </a>
       es la misma para transformadores o autotransformadores y en consecuencia estos términos deben entenderse como sinónimos.
       <br/>
<h2 id="heading_1">
        2. ALCANCE
       </h2>
       Esta especificación aplica para todos los transformadores de potencia de
       <a class="externalLink glosarioLink use-ajax" data-dialog-type="modal" href="/taxonomy/term/257/definition" id="version-292">
        nivel de tensión
       </a>
       500/115 kV instalados en el
       <a class="externalLink glosarioLink use-ajax" data-dialog-type="modal" href="/taxonomy/term/324/definition" id="version-363">
        sistema
       </a>
       de Enel Colombia S.A. ESP.
       <br/>
<h2 id="heading_2">
        3. CONDICIONES DE SERVICIO DEL SISTEMA ELÉCTRICO
       </h2>
<h3 id="heading_3">
        3.1 CONDICIONES AMBIENTALES
       </h3>
       En general, los transformadores de potencia deberán suministrarse para operar satisfactoriamente a la intemperie, bajo las siguientes condiciones de
       <a class="externalLink glosarioLink use-ajax" data-dialog-type="modal" href="/taxonomy/term/320/definition" id="version-359">
        servicio
       </a>
       :
       <br/>
<br/>
<div style="width:700px;">
<table>
<tr>
<td colspan="1" rowspan="1" style="width:250px;height:20px;">
           Altitud máxima (msnm)
          </td>
<td colspan="1" rowspan="1" style="width:450px;text-align:center">
           2650
          </td>
</tr>
<tr>
<td colspan="1" rowspan="1" style="height:20px;">
           Temperatura min/max (°C)
          </td>
<td colspan="1" rowspan="1" style="text-align:center">
           -6/+25
          </td>
</tr>
<tr>
<td colspan="1" rowspan="1" style="height:20px;">
           Nivel de humedad
          </td>
<td colspan="1" rowspan="1" style="text-align:center">
           Mayor al 90%
          </td>
</tr>
<tr>
<td colspan="1" rowspan="1" style="height:20px;">
           Velocidad del viento (m/s)
          </td>
<td colspan="1" rowspan="1" style="text-align:center">
           &lt;34
          </td>
</tr>
<tr>
<td colspan="1" rowspan="1" style="height:20px;">
           Nivel de
           <a class="externalLink glosarioLink use-ajax" data-dialog-type="modal" href="/taxonomy/term/112/definition" id="version-145">
            contaminación
           </a>
           (IEC 60815)
          </td>
<td colspan="1" rowspan="1" style="text-align:center">
           Medio (II)
          </td>
</tr>
<tr>
<td colspan="1" rowspan="1" style="height:20px;">
           Radiación solar, máx. (w/m²)
          </td>
<td colspan="1" rowspan="1" style="text-align:center">
           &lt; 1000
          </td>
</tr>
<tr>
<td colspan="1" rowspan="1" style="height:20px;">
           Capa de hielo, máx. (mm)
          </td>
<td colspan="1" rowspan="1" style="text-align:center">
           &lt;1
          </td>
</tr>
<tr>
<td colspan="1" rowspan="1" style="height:20px;">
           Actividad sísmica
          </td>
<td colspan="1" rowspan="1" style="">
           SI (0.3 g para dirección horizontal y 0.2 g  para dirección vertical)
          </td>
</tr>
</table>
<br/>
</div>
       De acuerdo a la Tabla anterior, los transformadores funcionarán de acuerdo a las condiciones normales de
       <a class="externalLink glosarioLink use-ajax" data-dialog-type="modal" href="/taxonomy/term/320/definition" id="version-359">
        servicio
       </a>
       indicadas en las normas, con excepción de la altura sobre el nivel del mar de 2.650 m.
       <br/>
<h3 id="heading_4">
        3.2 CARACTERÍSTICAS GENERALES DEL SISTEMA ELÉCTRICO
       </h3>
       En la tabla siguiente se indican las características generales del
       <a class="externalLink glosarioLink use-ajax" data-dialog-type="modal" href="/taxonomy/term/324/definition" id="version-363">
        sistema
       </a>
<a class="externalLink glosarioLink use-ajax" data-dialog-type="modal" href="/taxonomy/term/144/definition" id="version-177">
        eléctrico
       </a>
       de Enel Colombia.
       <br/>
<br/>
<div style="width:700px;">
<table>
<tr>
<td colspan="1" rowspan="1" style="width:500px;height:20px;text-align:center">
<b>
            Característica
           </b>
</td>
<td colspan="1" rowspan="1" style="width:200px;text-align:center">
</td>
</tr>
<tr>
<td colspan="1" rowspan="1" style="height:30px;">
<a class="externalLink glosarioLink use-ajax" data-dialog-type="modal" href="/taxonomy/term/177/definition" id="version-210">
            Frecuencia
           </a>
           (Hz)
          </td>
<td colspan="1" rowspan="1" style="text-align:center">
           60
          </td>
</tr>
<tr>
<td colspan="1" rowspan="1" style="height:20px;">
<a class="externalLink glosarioLink use-ajax" data-dialog-type="modal" href="/taxonomy/term/345/definition" id="version-384">
            tensión nominal
           </a>
           del
           <a class="externalLink glosarioLink use-ajax" data-dialog-type="modal" href="/taxonomy/term/324/definition" id="version-363">
            sistema
           </a>
           (kV)
          </td>
<td colspan="1" rowspan="1" style="text-align:center">
</td>
</tr>
<tr>
<td colspan="1" rowspan="1" style="height:20px;">
           AT1
          </td>
<td colspan="1" rowspan="1" style="text-align:center">
           500
          </td>
</tr>
<tr>
<td colspan="1" rowspan="1" style="height:20px;">
           AT2
          </td>
<td colspan="1" rowspan="1" style="text-align:center">
           230
          </td>
</tr>
<tr>
<td colspan="1" rowspan="1" style="height:20px;">
           AT3
          </td>
<td colspan="1" rowspan="1" style="text-align:center">
           115
          </td>
</tr>
<tr>
<td colspan="1" rowspan="1" style="height:20px;">
           MT 1
          </td>
<td colspan="1" rowspan="1" style="text-align:center">
           34,5
          </td>
</tr>
<tr>
<td colspan="1" rowspan="1" style="height:20px;">
           MT 2
          </td>
<td colspan="1" rowspan="1" style="text-align:center">
           11,4 / 13,2
          </td>
</tr>
<tr>
<td colspan="1" rowspan="1" style="height:20px;">
<a class="externalLink glosarioLink use-ajax" data-dialog-type="modal" href="/taxonomy/term/338/definition" id="version-377">
            Tensión
           </a>
           máxima de operación (kV)
          </td>
<td colspan="1" rowspan="1" style="text-align:center">
</td>
</tr>
<tr>
<td colspan="1" rowspan="1" style="height:20px;">
           AT1
          </td>
<td colspan="1" rowspan="1" style="text-align:center">
           550
          </td>
</tr>
<tr>
<td colspan="1" rowspan="1" style="height:20px;">
           AT2
          </td>
<td colspan="1" rowspan="1" style="text-align:center">
           245
          </td>
</tr>
<tr>
<td colspan="1" rowspan="1" style="height:20px;">
           AT3
          </td>
<td colspan="1" rowspan="1" style="text-align:center">
           126,5
          </td>
</tr>
<tr>
<td colspan="1" rowspan="1" style="height:20px;">
           MT 1
          </td>
<td colspan="1" rowspan="1" style="text-align:center">
           36
          </td>
</tr>
<tr>
<td colspan="1" rowspan="1" style="height:20px;">
           MT 2
          </td>
<td colspan="1" rowspan="1" style="text-align:center">
           17,5
          </td>
</tr>
<tr>
<td colspan="1" rowspan="1" style="height:20px;">
<a class="externalLink glosarioLink use-ajax" data-dialog-type="modal" href="/taxonomy/term/68/definition" id="version-101">
            BIL
           </a>
           (kV), a 2650 msnm
          </td>
<td colspan="1" rowspan="1" style="text-align:center">
</td>
</tr>
<tr>
<td colspan="1" rowspan="1" style="height:20px;">
           AT1
          </td>
<td colspan="1" rowspan="1" style="text-align:center">
           1550
          </td>
</tr>
<tr>
<td colspan="1" rowspan="1" style="height:20px;">
           AT2
          </td>
<td colspan="1" rowspan="1" style="text-align:center">
           850
          </td>
</tr>
<tr>
<td colspan="1" rowspan="1" style="height:20px;">
           AT3
          </td>
<td colspan="1" rowspan="1" style="text-align:center">
           550
          </td>
</tr>
<tr>
<td colspan="1" rowspan="1" style="height:20px;">
           MT 1
          </td>
<td colspan="1" rowspan="1" style="text-align:center">
           145
          </td>
</tr>
<tr>
<td colspan="1" rowspan="1" style="height:20px;">
           MT 2
          </td>
<td colspan="1" rowspan="1" style="text-align:center">
           95 / 95
          </td>
</tr>
<tr>
<td colspan="1" rowspan="1" style="height:20px;">
           Distancias mínimas en aire
           <a class="externalLink glosarioLink use-ajax" data-dialog-type="modal" href="/taxonomy/term/172/definition" id="version-205">
            fase
           </a>
           -
           <a class="externalLink glosarioLink use-ajax" data-dialog-type="modal" href="/taxonomy/term/172/definition" id="version-205">
            fase
           </a>
           (mm)
          </td>
<td colspan="1" rowspan="1" style="text-align:center">
</td>
</tr>
<tr>
<td colspan="1" rowspan="1" style="height:20px;">
           AT1 (conductor – conductor)
          </td>
<td colspan="1" rowspan="1" style="text-align:center">
           6100
          </td>
</tr>
<tr>
<td colspan="1" rowspan="1" style="height:20px;">
           AT2
          </td>
<td colspan="1" rowspan="1" style="text-align:center">
           2300
          </td>
</tr>
<tr>
<td colspan="1" rowspan="1" style="height:20px;">
           AT3
          </td>
<td colspan="1" rowspan="1" style="text-align:center">
           1300
          </td>
</tr>
<tr>
<td colspan="1" rowspan="1" style="height:20px;">
           MT 1
          </td>
<td colspan="1" rowspan="1" style="text-align:center">
           320
          </td>
</tr>
<tr>
<td colspan="1" rowspan="1" style="height:20px;">
           MT 2
          </td>
<td colspan="1" rowspan="1" style="text-align:center">
           220
          </td>
</tr>
<tr>
<td colspan="1" rowspan="1" style="height:20px;">
           Distancias mínimas en aire
           <a class="externalLink glosarioLink use-ajax" data-dialog-type="modal" href="/taxonomy/term/172/definition" id="version-205">
            fase
           </a>
           -
           <a class="externalLink glosarioLink use-ajax" data-dialog-type="modal" href="/taxonomy/term/348/definition" id="version-387">
            tierra
           </a>
           (mm)
          </td>
<td colspan="1" rowspan="1" style="text-align:center">
</td>
</tr>
<tr>
<td colspan="1" rowspan="1" style="height:20px;">
           AT1 (conductor – estructura)
          </td>
<td colspan="1" rowspan="1" style="text-align:center">
           3600
          </td>
</tr>
<tr>
<td colspan="1" rowspan="1" style="height:20px;">
           AT2
          </td>
<td colspan="1" rowspan="1" style="text-align:center">
           2300
          </td>
</tr>
<tr>
<td colspan="1" rowspan="1" style="height:20px;">
           AT3
          </td>
<td colspan="1" rowspan="1" style="text-align:center">
           1300
          </td>
</tr>
<tr>
<td colspan="1" rowspan="1" style="height:20px;">
           MT 1
          </td>
<td colspan="1" rowspan="1" style="text-align:center">
           320
          </td>
</tr>
<tr>
<td colspan="1" rowspan="1" style="height:20px;">
           MT 2
          </td>
<td colspan="1" rowspan="1" style="text-align:center">
           220
          </td>
</tr>
<tr>
<td colspan="1" rowspan="1" style="height:20px;">
           Nivel de
           <a class="externalLink glosarioLink use-ajax" data-dialog-type="modal" href="/taxonomy/term/119/definition" id="version-152">
            cortocircuito
           </a>
           (kA)
          </td>
<td colspan="1" rowspan="1" style="text-align:center">
</td>
</tr>
<tr>
<td colspan="1" rowspan="1" style="height:20px;">
           AT1
          </td>
<td colspan="1" rowspan="1" style="text-align:center">
           40
          </td>
</tr>
<tr>
<td colspan="1" rowspan="1" style="height:20px;">
           AT2
          </td>
<td colspan="1" rowspan="1" style="text-align:center">
           40
          </td>
</tr>
<tr>
<td colspan="1" rowspan="1" style="height:20px;">
           AT3
          </td>
<td colspan="1" rowspan="1" style="text-align:center">
           50
          </td>
</tr>
<tr>
<td colspan="1" rowspan="1" style="height:20px;">
           MT 1
          </td>
<td colspan="1" rowspan="1" style="text-align:center">
</td>
</tr>
<tr>
<td colspan="1" rowspan="1" style="height:20px;">
           MT 2
          </td>
<td colspan="1" rowspan="1" style="text-align:center">
</td>
</tr>
<tr>
<td colspan="1" rowspan="1" style="height:20px;">
           Conexión del
           <a class="externalLink glosarioLink use-ajax" data-dialog-type="modal" href="/taxonomy/term/255/definition" id="version-290">
            neutro
           </a>
</td>
<td colspan="1" rowspan="1" style="text-align:center">
           Aterizado sólidamente
          </td>
</tr>
<tr>
<td colspan="1" rowspan="1" style="height:20px;">
<a class="externalLink glosarioLink use-ajax" data-dialog-type="modal" href="/taxonomy/term/338/definition" id="version-377">
            Tensión
           </a>
           auxiliar CA (Vca)
          </td>
<td colspan="1" rowspan="1" style="text-align:center">
           208-120
          </td>
</tr>
<tr>
<td colspan="1" rowspan="1" style="height:20px;">
<a class="externalLink glosarioLink use-ajax" data-dialog-type="modal" href="/taxonomy/term/338/definition" id="version-377">
            Tensión
           </a>
           auxiliar CC (Vcc)
          </td>
<td colspan="1" rowspan="1" style="text-align:center">
           125
          </td>
</tr>
</table>
<br/>
</div>
<h2 id="heading_5">
        4. NORMAS RELACIONADAS
       </h2>
       En todos los detalles no señalados en esta especificación el transformador debe ser diseñado, fabricado y probado de acuerdo con la serie completa de las normas IEC 60076 en su más reciente edición.
       <br/>
<br/>
       Para aspectos específicos son válidas las siguientes  normas:
       <br/>
<br/>
<div style="width:980px;">
<table>
<tr>
<td colspan="1" rowspan="1" style="width:100px;height:20px;">
           IEC
          </td>
<td colspan="1" rowspan="1" style="width:230px;">
           60137
          </td>
<td colspan="1" rowspan="1" style="width:650px;">
           Aisladores pasantes para tensiones alternas superiores a 1.000 V
          </td>
</tr>
<tr>
<td colspan="1" rowspan="1" style="height:20px;">
           IEC
          </td>
<td colspan="1" rowspan="1" style="">
           60044 – 1
          </td>
<td colspan="1" rowspan="1" style="">
           Transformadores de corriente
          </td>
</tr>
<tr>
<td colspan="1" rowspan="1" style="height:20px;">
           IEC
          </td>
<td colspan="1" rowspan="1" style="">
           60214
          </td>
<td colspan="1" rowspan="1" style="">
           Cambiadores de Derivaciones Bajo
           <a class="externalLink glosarioLink use-ajax" data-dialog-type="modal" href="/taxonomy/term/80/definition" id="version-113">
            Carga
           </a>
           (CDBC)
          </td>
</tr>
<tr>
<td colspan="1" rowspan="1" style="height:20px;">
           IEC
          </td>
<td colspan="1" rowspan="1" style="">
           60542
          </td>
<td colspan="1" rowspan="1" style="">
           Guía de aplicación para Cambiadores de Derivaciones Bajo
           <a class="externalLink glosarioLink use-ajax" data-dialog-type="modal" href="/taxonomy/term/80/definition" id="version-113">
            Carga
           </a>
</td>
</tr>
<tr>
<td colspan="1" rowspan="1" style="height:20px;">
           IEC
          </td>
<td colspan="1" rowspan="1" style="">
           60060
          </td>
<td colspan="1" rowspan="1" style="">
           Técnicas para pruebas en
           <a class="externalLink glosarioLink use-ajax" data-dialog-type="modal" href="/taxonomy/term/55/definition" id="version-88">
            alta tensión
           </a>
</td>
</tr>
<tr>
<td colspan="1" rowspan="1" style="height:20px;">
           IEC
          </td>
<td colspan="1" rowspan="1" style="">
           60296
          </td>
<td colspan="1" rowspan="1" style="">
           Especificaciones para aceites minerales nuevos para transformadores y equipos de
           <a class="externalLink glosarioLink use-ajax" data-dialog-type="modal" href="/taxonomy/term/235/definition" id="version-270">
            maniobra
           </a>
</td>
</tr>
<tr>
<td colspan="1" rowspan="1" style="height:20px;">
           IEC
          </td>
<td colspan="1" rowspan="1" style="">
           604475
          </td>
<td colspan="1" rowspan="1" style="">
           Métodos de muestreo para líquidos dieléctricos
          </td>
</tr>
<tr>
<td colspan="1" rowspan="1" style="height:20px;">
           ASTM
          </td>
<td colspan="1" rowspan="1" style="">
           D 3487
          </td>
<td colspan="1" rowspan="1" style="">
           Especificación para aceite mineral aislante usado en aparatos eléctricos
          </td>
</tr>
<tr>
<td colspan="1" rowspan="1" style="height:20px;">
           IEC
          </td>
<td colspan="1" rowspan="1" style="">
           60354
          </td>
<td colspan="1" rowspan="1" style="">
           Guía de
           <a class="externalLink glosarioLink use-ajax" data-dialog-type="modal" href="/taxonomy/term/83/definition" id="version-116">
            cargabilidad
           </a>
           para transformadores de potencia inmersos en aceite
          </td>
</tr>
<tr>
<td colspan="1" rowspan="1" style="height:20px;">
           ASTM
          </td>
<td colspan="1" rowspan="1" style="">
           B117, D2247, D2794, D3359
          </td>
<td colspan="1" rowspan="1" style="">
           Requerimientos de pintura del transformador
          </td>
</tr>
</table>
<br/>
</div>
<br/>
       Los transformadores deben cumplir con los  requerimientos sísmicos exigidos en el Reglamento de Construcciones Sismo Resistentes NSR-98.  Para la fabricación de los equipos no se considera la especificación corporativa E-SE-010 “Acción sísmica en equipos eléctricos y mecánicos”  ya que utiliza parámetros sísmicos diferentes a los presentados en Colombia. Para los análisis sísmicos pertinentes se debe considerar  el Reglamento de Construcciones Sismo Resistentes NSR-98,  el cual es de  obligatorio cumplimiento en todo el territorio nacional de Colombia.
       <br/>
<h2 id="heading_6">
        5. REQUERIMIENTOS DE CALIDAD
       </h2>
       El proveedor deberá demostrar que tiene implementado y funcionando en su fábrica un
       <a class="externalLink glosarioLink use-ajax" data-dialog-type="modal" href="/taxonomy/term/324/definition" id="version-363">
        sistema
       </a>
       de Garantía de
       <a class="externalLink glosarioLink use-ajax" data-dialog-type="modal" href="/taxonomy/term/79/definition" id="version-112">
        Calidad
       </a>
       con programas y procedimientos documentados en manuales, cumpliendo la siguiente Norma:
       <br/>
<br/>
       • ISO 9001: Sistemas de
       <a class="externalLink glosarioLink use-ajax" data-dialog-type="modal" href="/taxonomy/term/79/definition" id="version-112">
        calidad
       </a>
       :
       <a class="externalLink glosarioLink use-ajax" data-dialog-type="modal" href="/taxonomy/term/246/definition" id="version-281">
        Modelo
       </a>
       de garantía de
       <a class="externalLink glosarioLink use-ajax" data-dialog-type="modal" href="/taxonomy/term/79/definition" id="version-112">
        calidad
       </a>
       en diseño, producción, instalación y
       <a class="externalLink glosarioLink use-ajax" data-dialog-type="modal" href="/taxonomy/term/320/definition" id="version-359">
        servicio
       </a>
       .
       <br/>
<br/>
       El Cliente se reserva el derecho de verificar los procedimientos y la documentación relativa a la fabricación del transformador, y el fabricante se obliga a poner a su disposición estos antecedentes.
       <br/>
<h2 id="heading_7">
        6. CARACTERÍSTICAS NOMINALES
       </h2>
<h3 id="heading_8">
        6.1 CARACTERÍSTICAS NOMINALES
       </h3>
       Las características nominales de los transformadores son las indicadas en el Anexo 1 Características Técnicas Garantizadas.
       <br/>
<br/>
       Los transformadores serán del tipo sumergidos en aceite, con devanados de cobre, refrigerados por  circulación natural del aceite y en forma forzada por aire; adecuados para operación exterior y a la altura sobre el nivel del mar indicada en la cláusula 4.1.
       <br/>
<br/>
       Según lo indicado en el Anexo 1 los transformadores estarán dotados de cambiador de derivaciones apto para operación bajo
       <a class="externalLink glosarioLink use-ajax" data-dialog-type="modal" href="/taxonomy/term/80/definition" id="version-113">
        carga
       </a>
       (CDBC).  En cualquier  caso, el transformador deberá ser apto para entregar la potencia requerida para las distintas etapas de refrigeración con el cambiador de derivaciones en cualquier posición.
       <br/>
<br/>
       El transformador deberá ser capaz de suministrar la potencia requerida en cada etapa de refrigeración, sin sobrepasar los siguientes límites de elevación de temperatura sobre el ambiente, del aceite y de los devanados: Estos valores serán de 50°C de aumento de temperatura del aceite superior, y 60°C de elevación de temperatura promedio de los devanados, medida por resistencia. El Cliente podrá estudiar alternativas que presenten límites de temperatura superiores a los acá establecidos.
       <br/>
<br/>
       Adicionalmente a la potencia que deberán suministrar en cada etapa de refrigeración, deberán ser capaces de entregar potencia de
       <a class="externalLink glosarioLink use-ajax" data-dialog-type="modal" href="/taxonomy/term/332/definition" id="version-371">
        sobrecarga
       </a>
       , sin pérdida de
       <a class="externalLink glosarioLink use-ajax" data-dialog-type="modal" href="/taxonomy/term/367/definition" id="version-406">
        vida útil
       </a>
       , la cual será determinada según lo establecido en las Normas IEC – 60354.
       <br/>
<br/>
       Los valores de la impedancia del transformador serán referidos a la temperatura de 75 ºC (IEC 60076), y a la potencia base que se indique en cada caso en el Anexo 1.
       <br/>
<br/>
       Los valores de pérdidas serán referidos a la misma temperatura que los valores de la impedancia, según corresponda.
       <br/>
<br/>
       Las distancias mínimas entre las partes energizadas y
       <a class="externalLink glosarioLink use-ajax" data-dialog-type="modal" href="/taxonomy/term/348/definition" id="version-387">
        tierra
       </a>
       , como también las separaciones entre fases, deberán cumplir con las recomendaciones de la norma IEC-60071 ”Coordinación de aislamiento”. En todo caso, estas distancias mínimas entre las partes energizadas no deberán ser menores a las especificadas para el
       <a class="externalLink glosarioLink use-ajax" data-dialog-type="modal" href="/taxonomy/term/324/definition" id="version-363">
        sistema
       </a>
<a class="externalLink glosarioLink use-ajax" data-dialog-type="modal" href="/taxonomy/term/144/definition" id="version-177">
        eléctrico
       </a>
       (indicadas en la cláusula 3.2. de esta especificación), debido a que es el estándar utilizado por el Cliente.
       <br/>
<h3 id="heading_9">
        6.2 CARACTERÍSTICAS CONSTRUCTIVAS
       </h3>
<b>
        6.2.1 Generalidades
       </b>
<br/>
       Los transformadores serán diseñados y fabricados de acuerdo con los últimos desarrollos en el campo de aplicación correspondiente y deberán responder a los requerimientos de estas especificaciones.
       <br/>
<br/>
       Todos los componentes y accesorios (aisladores pasantes, cambiador de derivaciones, transformadores de corriente, etc.) deben ser diseñados para soportar sobrecargas de hasta 1,5 veces la potencia
       <a class="externalLink glosarioLink use-ajax" data-dialog-type="modal" href="/taxonomy/term/259/definition" id="version-298">
        nominal
       </a>
       del  transformador, en la mayor etapa de ventilación, y en el menor tap de
       <a class="externalLink glosarioLink use-ajax" data-dialog-type="modal" href="/taxonomy/term/338/definition" id="version-377">
        tensión
       </a>
       .
       <br/>
<br/>
       Deberá considerarse en el diseño que la corriente de
       <a class="externalLink glosarioLink use-ajax" data-dialog-type="modal" href="/taxonomy/term/119/definition" id="version-152">
        cortocircuito
       </a>
       simétrica estará limitada sólo por las impedancias internas del transformador, y la corriente de
       <a class="externalLink glosarioLink use-ajax" data-dialog-type="modal" href="/taxonomy/term/119/definition" id="version-152">
        cortocircuito
       </a>
       asimétrica debe ser por lo menos 2,5 veces la corriente de
       <a class="externalLink glosarioLink use-ajax" data-dialog-type="modal" href="/taxonomy/term/119/definition" id="version-152">
        cortocircuito
       </a>
       simétrica.
       <br/>
<br/>
       Los transformadores deberán ser diseñados de modo que sean aptos para operar en paralelo con otros transformadores de características similares.
       <br/>
<br/>
       El fabricante deberá informar el
       <a class="externalLink glosarioLink use-ajax" data-dialog-type="modal" href="/taxonomy/term/243/definition" id="version-278">
        método
       </a>
       para limitar la corriente de
       <a class="externalLink glosarioLink use-ajax" data-dialog-type="modal" href="/taxonomy/term/119/definition" id="version-152">
        cortocircuito
       </a>
       en el terciario compensador en delta.
       <br/>
<br/>
       El fabricante deberá informar acerca de la inclusión de resistencias no lineales u otro accesorio propio de su diseño, que influya en el comportamiento del transformador, por lo cual deben ser  antecedentes conocidos por el Cliente.
       <br/>
<br/>
       Todos los materiales, componentes y equipos incorporados a los transformadores deben ser nuevos y de la mejor
       <a class="externalLink glosarioLink use-ajax" data-dialog-type="modal" href="/taxonomy/term/79/definition" id="version-112">
        calidad
       </a>
       , para asegurar que el
       <a class="externalLink glosarioLink use-ajax" data-dialog-type="modal" href="/taxonomy/term/156/definition" id="version-189">
        equipo
       </a>
       completo cumpla con los requisitos de funcionamiento continuo durante todo el período de vida.
       <br/>
<br/>
       El Cliente se reserva el derecho de realizar inspecciones programadas e imprevistas durante el proceso de fabricación para verificar la
       <a class="externalLink glosarioLink use-ajax" data-dialog-type="modal" href="/taxonomy/term/79/definition" id="version-112">
        calidad
       </a>
       y características de los materiales empleados, los métodos de fabricación y solicitar los certificados de
       <a class="externalLink glosarioLink use-ajax" data-dialog-type="modal" href="/taxonomy/term/79/definition" id="version-112">
        calidad
       </a>
       de los aceros magnéticos, los conductores, papeles, aceites, etc.
       <br/>
<br/>
       El transformador debe resistir los efectos térmicos y mecánicos de la corriente de
       <a class="externalLink glosarioLink use-ajax" data-dialog-type="modal" href="/taxonomy/term/119/definition" id="version-152">
        cortocircuito
       </a>
       simétrica.
       <br/>
<br/>
       Del mismo modo, deberá ser capaz de resistir todos los esfuerzos provenientes del transporte y montaje.
       <br/>
<br/>
       El transformador completamente armado, deberá cumplir los requerimientos especificados frente a acción sísmica.
       <br/>
<br/>
       El núcleo debe ser de acero al silicio, laminado en frío, de grano orientado de acuerdo con la Publicación ASTM A 876.
       <br/>
<br/>
       Los extremos de las bobinas de
       <a class="externalLink glosarioLink use-ajax" data-dialog-type="modal" href="/taxonomy/term/55/definition" id="version-88">
        alta tensión
       </a>
       deben tener una protección especial para soportar los esfuerzos dieléctricos debidos a variaciones repentinas de corriente o
       <a class="externalLink glosarioLink use-ajax" data-dialog-type="modal" href="/taxonomy/term/338/definition" id="version-377">
        tensión
       </a>
       .
       <br/>
<h2 id="heading_10">
        7. ACCESORIOS
       </h2>
       El transformador será dotado de los siguientes accesorios.
       <br/>
<h3 id="heading_11">
        7.1 ANCLAJE
       </h3>
       Para el desplazamiento horizontal el transformador deberá disponer de un
       <a class="externalLink glosarioLink use-ajax" data-dialog-type="modal" href="/taxonomy/term/324/definition" id="version-363">
        sistema
       </a>
       con ruedas según se indica en las Características Técnicas Garantizadas.
       <br/>
<br/>
       En funcionamiento normal el
       <a class="externalLink glosarioLink use-ajax" data-dialog-type="modal" href="/taxonomy/term/324/definition" id="version-363">
        sistema
       </a>
       de ruedas debe quedar bloqueado mediante pernos de anclaje al piso. El fabricante debe suministrar, para aprobación, los detalles de los pernos, las dimensiones, el
       <a class="externalLink glosarioLink use-ajax" data-dialog-type="modal" href="/taxonomy/term/239/definition" id="version-274">
        material
       </a>
       y las memorias de cálculo del
       <a class="externalLink glosarioLink use-ajax" data-dialog-type="modal" href="/taxonomy/term/324/definition" id="version-363">
        sistema
       </a>
       de anclaje que muestren que resiste las solicitaciones sísmicas especificadas.
       <br/>
<h3 id="heading_12">
        7.2 ESTANQUE
       </h3>
       La placa de la base del estanque deberá tener un espesor apropiado, el cual se deberá justificar en la Memoria de Cálculo.
       <br/>
<br/>
       El tanque principal deberá tener una tapa superior plana, con pernos. No se aceptará que la tapa sea soldada al tanque principal. En el diseño de la tapa, el fabricante tendrá especial cuidado en evitar la acumulación de agua a causa de la lluvia.
       <br/>
<br/>
       El transformador deberá considerar escotillas adecuadas, para posibles inspecciones internas (accesos "handholes" y "manholes" de las dimensiones mínimas indicadas en la norma ANSI C57.12.10, cláusula 5.8).
       <br/>
<br/>
       El transformador deberá diseñarse de modo que el conjunto núcleo - bobinas no pueda desplazarse dentro de su estanque.
       <br/>
<br/>
       Todos los procedimientos relacionados con las soldaduras, incluyendo las reparaciones de las mismas, seguirán las instrucciones indicadas en la norma ASME “Boiler and Pressure Vessel Code”, sección IX, o equivalente. El acabado final de las soldaduras deberá presentar una superficie lisa y de muy buena apariencia.
       <br/>
<br/>
       Todas las empaquetaduras deberán ser nuevas, de
       <a class="externalLink glosarioLink use-ajax" data-dialog-type="modal" href="/taxonomy/term/239/definition" id="version-274">
        material
       </a>
       sintético, compatibles con el uso de aceites minerales, resistentes frente a la acción de la humedad y de los rayos solares. El fabricante deberá suministrar un juego completo de todas las empaquetaduras necesarias para el montaje del transformador.
       <br/>
<br/>
       El Cliente se reserva el derecho de verificar la
       <a class="externalLink glosarioLink use-ajax" data-dialog-type="modal" href="/taxonomy/term/79/definition" id="version-112">
        calidad
       </a>
       de las empaquetaduras utilizadas.
       <br/>
<br/>
       El estanque debe considerar los elementos necesarios para izaje, acarreo, giro, montaje y aplicación de gatos hidráulicos.
       <br/>
<br/>
       Deberán suministrarse prensas para la conexión a
       <a class="externalLink glosarioLink use-ajax" data-dialog-type="modal" href="/taxonomy/term/348/definition" id="version-387">
        tierra
       </a>
       del estanque, soldadas a éste y ubicadas al nivel de la base en dos caras opuestas del estanque. Estas prensas deberán ser apropiadas para un
       <a class="externalLink glosarioLink use-ajax" data-dialog-type="modal" href="/taxonomy/term/74/definition" id="version-107">
        cable
       </a>
       de cobre de  sección 70 – 240 mm2  o bien pletina de cobre de 3 x 40 mm.
       <br/>
<br/>
       La base del tanque debe ser diseñada para que sea posible mover el transformador en cualquier dirección, con o sin aceite. Para desplazamiento horizontal el tanque debe tener ganchos de tiro. El fabricante debe entregar las memorias de cálculo de la fuerza requerida para este desplazamiento.
       <br/>
<br/>
       Con cada banco de tres transformadores monofásicos debe entregarse un juego de gatos hidráulicos aptos para levantar un transformador completamente ensamblado y lleno de aceite. El fabricante debe entregar las instrucciones detalladas del proceso de levantamiento con gatos.
       <br/>
<h3 id="heading_13">
        7.3 SISTEMA DE PRESERVACIÓN DEL ACEITE
       </h3>
       El
       <a class="externalLink glosarioLink use-ajax" data-dialog-type="modal" href="/taxonomy/term/324/definition" id="version-363">
        sistema
       </a>
       de preservación del aceite aislante debe ser mediante estanque conservador. Debe incluirse un respirador deshidratante con silicagel.
       <br/>
<br/>
       Se deberá proveer un
       <a class="externalLink glosarioLink use-ajax" data-dialog-type="modal" href="/taxonomy/term/324/definition" id="version-363">
        sistema
       </a>
       de membrana o de bolsa para evitar el contacto del aceite con el oxigeno del medio ambiente.
       <br/>
<br/>
       Debe preverse una válvula manual para igualar las presiones en las zonas de aceite y aire para labores de
       <a class="externalLink glosarioLink use-ajax" data-dialog-type="modal" href="/taxonomy/term/236/definition" id="version-271">
        mantenimiento
       </a>
       .
       <br/>
<br/>
       El estanque conservador debe contar con una escotilla de
       <a class="externalLink glosarioLink use-ajax" data-dialog-type="modal" href="/taxonomy/term/200/definition" id="version-235">
        inspección
       </a>
       de al menos 400 milímetros de diámetro, que permita verificar el funcionamiento del
       <a class="externalLink glosarioLink use-ajax" data-dialog-type="modal" href="/taxonomy/term/324/definition" id="version-363">
        sistema
       </a>
       indicador de nivel.
       <br/>
<br/>
       El
       <a class="externalLink glosarioLink use-ajax" data-dialog-type="modal" href="/taxonomy/term/324/definition" id="version-363">
        sistema
       </a>
       de estanque conservador del transformador deberá contar con una protección con relé Buchholz del tipo doble flotador, con dos contactos independientes de operación.
       <br/>
<br/>
       Este relé deberá ser a prueba de sismos; su instalación deberá ser
       <a class="externalLink glosarioLink use-ajax" data-dialog-type="modal" href="/taxonomy/term/37/definition" id="version-70">
        accesible
       </a>
       para trabajos de ajuste y pruebas; debe estar protegido de manera que evite su operación por golpes de herramientas u otros objetos externos. Se deberá dotar de una cañería que permita sacar muestras de gases del relé a un operador parado en la base del transformador. El relé deberá ser instalado con válvulas a ambos lados, además de una cañería by-pass con válvula, con la finalidad de facilitar el desmontaje.
       <br/>
<br/>
       El estanque conservador deberá ser desmontable, y su ubicación no debe obstaculizar el
       <a class="externalLink glosarioLink use-ajax" data-dialog-type="modal" href="/taxonomy/term/236/definition" id="version-271">
        mantenimiento
       </a>
       de otros accesorios cercanos (por ejemplo el CDBC).
       <br/>
<h3 id="heading_14">
        7.4 ACEITE
       </h3>
       El aceite debe ser mineral, no inhibido y nuevo. La cantidad necesaria deberá incluir el volumen indicado  en la placa de características, más un 5% adicional para la
       <a class="externalLink glosarioLink use-ajax" data-dialog-type="modal" href="/taxonomy/term/237/definition" id="version-272">
        máquina
       </a>
       y mangueras en el proceso de llenado del transformador.
       <br/>
<br/>
       El fabricante deberá entregar un listado de aceites compatibles (marcas y tipos de aceite que pueden mezclarse o reemplazar el aceite suministrado), de manera que se mantenga la garantía de funcionamiento del transformador.
       <br/>
<br/>
       El aceite deberá ser de base nafténica. No deberá contener inhibidores ni aditivos. Se deberá indicar sus características principales, su composición típica, indicando en porcentaje la cantidad de aromáticos, isoparafinas y nafténicos.
       <br/>
<br/>
       Las características de composición y pureza del aceite nuevo a suministrar deberán cumplir con lo indicado en la norma IEEE C57-106 o IEC 60296 (para clase I).
       <br/>
<br/>
       El fabricante deberá informar acerca de las características del aceite ofrecido, llenando la sección correspondiente en el Anexo 1.
       <br/>
<br/>
       Las pruebas fisico-químicas de aceptación se harán en muestras tomadas del 10 % de las canecas del suministro, seleccionadas al azar.
       <br/>
<br/>
       El aceite del
       <a class="externalLink glosarioLink use-ajax" data-dialog-type="modal" href="/taxonomy/term/229/definition" id="version-264">
        lote
       </a>
       se aceptará si todos los resultados de las pruebas son satisfactorios en todas las muestras. Si los resultados no son satisfactorios, en no más de una
       <a class="externalLink glosarioLink use-ajax" data-dialog-type="modal" href="/taxonomy/term/253/definition" id="version-288">
        muestra
       </a>
       , se tomarán dos muestras adicionales de la caneca cuestionada y se realizarán las pruebas; si los resultados son satisfactorios en las muestras adicionales, el aceite del
       <a class="externalLink glosarioLink use-ajax" data-dialog-type="modal" href="/taxonomy/term/229/definition" id="version-264">
        lote
       </a>
       se aceptará, pero si no lo son al  menos en una de las muestras adicionales, el aceite del
       <a class="externalLink glosarioLink use-ajax" data-dialog-type="modal" href="/taxonomy/term/229/definition" id="version-264">
        lote
       </a>
       se rechazará.
       <br/>
<br/>
       Si los resultados de las pruebas no son satisfactorios en dos o más muestras de todas las muestras del
       <a class="externalLink glosarioLink use-ajax" data-dialog-type="modal" href="/taxonomy/term/229/definition" id="version-264">
        lote
       </a>
       , el aceite del
       <a class="externalLink glosarioLink use-ajax" data-dialog-type="modal" href="/taxonomy/term/229/definition" id="version-264">
        lote
       </a>
       se rechazará.
       <br/>
<h3 id="heading_15">
        7.5 AISLADORES PASANTES (BUSHINGS) Y CONECTORES
       </h3>
       Las conexiones externas de los terminales de las bobinas de los transformadores deberán disponer de aisladores pasantes para permitir conectarse a conductores aéreos. Los aisladores pasantes deberán cumplir con la norma IEC – 60137, o bien la norma IEEE C57.19.01.
       <br/>
<br/>
       Los aisladores pasantes deberán ser apropiados para atmósfera con nivel de polución según lo indicado en el cuadro de características técnicas.
       <br/>
<br/>
       El diseño de los aisladores pasantes debe asegurar que se puedan montar desde el exterior del transformador, sin levantar la tapa del estanque.
       <br/>
<br/>
       Los aisladores pasantes deberán tener el tamaño adecuado de tal forma que permitan instalar al menos dos transformadores de corriente en cada uno de ellos. El fabricante deberá presentar al Cliente el plano de diseño de los aisladores pasantes, para verificar el espacio destinado a los transformadores de corriente.
       <br/>
<br/>
       Los aisladores pasantes deben ser de porcelana vitrificada o de polímero. El color de la porcelana será marrón.
       <br/>
<br/>
       Los terminales externos de los aisladores pasantes deberán ser de cobre plateado.
       <br/>
<br/>
       Las bases o torretas de los aisladores pasantes deberán tener una placa identificando con “H” la
       <a class="externalLink glosarioLink use-ajax" data-dialog-type="modal" href="/taxonomy/term/55/definition" id="version-88">
        alta tensión
       </a>
       , “X” la
       <a class="externalLink glosarioLink use-ajax" data-dialog-type="modal" href="/taxonomy/term/65/definition" id="version-98">
        baja tensión
       </a>
       , “Y” el terciario, “H0” el
       <a class="externalLink glosarioLink use-ajax" data-dialog-type="modal" href="/taxonomy/term/255/definition" id="version-290">
        neutro
       </a>
       de
       <a class="externalLink glosarioLink use-ajax" data-dialog-type="modal" href="/taxonomy/term/55/definition" id="version-88">
        alta tensión
       </a>
       y “X0” el
       <a class="externalLink glosarioLink use-ajax" data-dialog-type="modal" href="/taxonomy/term/255/definition" id="version-290">
        neutro
       </a>
       de
       <a class="externalLink glosarioLink use-ajax" data-dialog-type="modal" href="/taxonomy/term/65/definition" id="version-98">
        baja tensión
       </a>
       , indicando cada una de las fases.
       <br/>
<br/>
<b>
        7.5.1 Aisladores pasantes de alta tensión
       </b>
<br/>
       Los aisladores pasantes de
       <a class="externalLink glosarioLink use-ajax" data-dialog-type="modal" href="/taxonomy/term/55/definition" id="version-88">
        alta tensión
       </a>
       deberán ser de tipo capacitivo, herméticamente sellados, y tendrán su aceite propio e independiente.
       <br/>
<br/>
       La conexión de las bobinas al terminal de los aisladores pasantes deberá ser en forma continua. No se aceptarán uniones.
       <br/>
<br/>
       Deberán traer un indicador de nivel de aceite. Una
       <a class="externalLink glosarioLink use-ajax" data-dialog-type="modal" href="/taxonomy/term/280/definition" id="version-319">
        persona
       </a>
       parada al nivel del piso deberá poder ver el nivel de aceite del
       <a class="externalLink glosarioLink use-ajax" data-dialog-type="modal" href="/taxonomy/term/45/definition" id="version-78">
        aislador
       </a>
       sin dificultad.
       <br/>
<br/>
       Los aisladores pasantes de
       <a class="externalLink glosarioLink use-ajax" data-dialog-type="modal" href="/taxonomy/term/55/definition" id="version-88">
        alta tensión
       </a>
       deberán estar provistos de una derivación capacitiva adecuada para propósitos de medida.
       <br/>
<br/>
       Se aceptarán ofertas de aisladores pasantes secos, con cuerpo de polímero, tipo capacitivos, para análisis técnico del Cliente.
       <br/>
<br/>
       Los aisladores pasantes deben soportar las cargas máximas de
       <a class="externalLink glosarioLink use-ajax" data-dialog-type="modal" href="/taxonomy/term/353/definition" id="version-392">
        trabajo
       </a>
       con un factor de
       <a class="externalLink glosarioLink use-ajax" data-dialog-type="modal" href="/taxonomy/term/318/definition" id="version-357">
        seguridad
       </a>
       de 2,5 o mayor.
       <br/>
<br/>
<b>
        7.5.2 Aisladores pasantes de media tensión
       </b>
<br/>
       Los aisladores pasantes de
       <a class="externalLink glosarioLink use-ajax" data-dialog-type="modal" href="/taxonomy/term/242/definition" id="version-277">
        media tensión
       </a>
       deberán ser del tipo sólido de una sola pieza de porcelana, de color marrón.
       <br/>
<br/>
       Se aceptarán ofertas de aisladores pasantes secos, con cuerpo de polímero, para análisis técnico del Cliente.
       <br/>
<br/>
<b>
        7.5.3 Conectores
       </b>
<br/>
       Los conectores deben ser suministrados por el fabricante. Sus características particulares serán las adecuadas para su conexión a los aparatos de la
       <a class="externalLink glosarioLink use-ajax" data-dialog-type="modal" href="/taxonomy/term/334/definition" id="version-373">
        subestación
       </a>
       y deben ser aprobadas por el Cliente.
       <br/>
<h3 id="heading_16">
        7.6 EQUIPO DE REFRIGERACIÓN
       </h3>
       El
       <a class="externalLink glosarioLink use-ajax" data-dialog-type="modal" href="/taxonomy/term/156/definition" id="version-189">
        equipo
       </a>
       de refrigeración de cada transformador consistirá principalmente de un conjunto de radiadores, y  dos grupos de ventiladores controlados por un monitor de temperatura.
       <br/>
<br/>
<b>
        7.6.1 Radiadores
       </b>
<br/>
       Los radiadores deberán formar un conjunto estructural con el estanque del transformador, por lo cual deben soportar las condiciones de vacío adecuadas. No deben usarse las cañerías como elementos estructurales de sujeción. Los radiadores deberán ser desmontables.
       <br/>
<br/>
       Los radiadores deberán dimensionarse de tal modo que al desmontar uno de ellos no disminuya la capacidad del transformador en más del 5% de su capacidad para la máxima etapa de refrigeración.
       <br/>
<br/>
       Los radiadores deberán contar con flanches empernados en todas sus uniones, con válvulas de estrangulación en sus uniones hacia el estanque, con purgas de aire, tapones de drenaje y cáncamos para izar.
       <br/>
<br/>
       Los radiadores deben ser accesibles para propósitos de limpieza o pintura y su diseño debe evitar acumulación de agua en las superficies exteriores o de bolsas de aire en su interior durante el proceso de llenado de aceite.
       <br/>
<br/>
       Todos los radiadores deben ser idénticos e intercambiables.
       <br/>
<br/>
<b>
        7.6.2 Ventiladores
       </b>
<br/>
       Los ventiladores conformarán dos grupos independientes, simétricos y uniformemente distribuidos.
       <br/>
<br/>
       Los ventiladores deberán tener aspas formadas por una sola pieza metálica. Deberán tener una
       <a class="externalLink glosarioLink use-ajax" data-dialog-type="modal" href="/taxonomy/term/174/definition" id="version-207">
        flecha
       </a>
       indicando el sentido de giro, e identificación del grupo al cual pertenecen.
       <br/>
<br/>
       Los motores de los ventiladores serán alimentados con corriente alterna trifásica, de
       <a class="externalLink glosarioLink use-ajax" data-dialog-type="modal" href="/taxonomy/term/177/definition" id="version-210">
        frecuencia
       </a>
       y magnitud indicadas en el Anexo 1.
       <br/>
<br/>
       Los cables de salida desde cada motor de los ventiladores deberán ser canalizados a través de ductos metálicos flexibles y tener enchufes herméticos al agua, de modo que puedan sacarse sin cortar la alimentación y sin comprometer la
       <a class="externalLink glosarioLink use-ajax" data-dialog-type="modal" href="/taxonomy/term/318/definition" id="version-357">
        seguridad
       </a>
       del
       <a class="externalLink glosarioLink use-ajax" data-dialog-type="modal" href="etat001_transformadores_potencia_500_115_kv.html#" id="version-0">
        personal
       </a>
       .
       <br/>
<br/>
       Cada ventilador debe ser removible sin necesidad de detener los demás.
       <br/>
<h3 id="heading_17">
        7.7 VÁLVULAS
       </h3>
       El
       <a class="externalLink glosarioLink use-ajax" data-dialog-type="modal" href="/taxonomy/term/324/definition" id="version-363">
        sistema
       </a>
       de tuberías del aceite de refrigeración deberá contar con válvulas, preferentemente del tipo esfera, de tal forma que sea posible desarmar cualquier elemento sin que sea necesario vaciar o bajar el nivel de aceite del transformador.
       <br/>
<br/>
<b>
        7.7.1 Válvulas para el estanque principal
       </b>
<br/>
       Cada transformador deberá suministrarse con las siguientes válvulas para el estanque principal:
       <br/>
<ul>
<li>
         Válvula de drenaje que permita un drenaje completo. (50mm ø mínimo)
        </li>
<li>
         Válvula de filtrado, cerca del fondo (50 mm ø mínimo).
        </li>
<li>
         Válvula de muestreo para el aceite del fondo (12 mm ø máximo).
        </li>
<li>
         Válvula de filtrado cerca del extremo superior del estanque, en el mismo lado del conservador, y en el lado opuesto al que se encuentra la válvula de filtrado inferior. (50 mm ø mínimo).
        </li>
<li>
         Válvula de muestreo cerca del extremo superior del estanque principal. (12 mm ø máximo).
        </li>
</ul>
<br/>
       Para el llenado del transformador, el fabricante colocará internamente soldado al estanque un elemento deflector para evitar el choque del aceite sobre los devanados. En su diseño se tendrá en cuenta que se debe evitar la acumulación de gases.
       <br/>
<br/>
<b>
        7.7.2 Válvulas para los conservadores
       </b>
<br/>
       Cada transformador deberá suministrarse con las siguientes válvulas, para el estanque conservador:
       <br/>
<ul>
<li>
         Válvulas de drenaje que permitan el drenaje completo. (38 mm ø mínimo).
        </li>
<li>
         Válvula de muestreo en el fondo. (12 mm ø máximo).
        </li>
<li>
         Válvulas de paso a ambos lados del relé Buchholz.
        </li>
<li>
         Válvula del by – pass del relé Buchholz.
        </li>
<li>
         Válvula para hacer vacío, ubicada en la parte superior del conservador del transformador. (50 mm ø mínimo).
        </li>
<li>
         Válvulas de ecualización de presiones entre el conservador del transformador y el conmutador bajo
         <a class="externalLink glosarioLink use-ajax" data-dialog-type="modal" href="/taxonomy/term/80/definition" id="version-113">
          carga
         </a>
         , y para el
         <a class="externalLink glosarioLink use-ajax" data-dialog-type="modal" href="/taxonomy/term/324/definition" id="version-363">
          sistema
         </a>
         del conservador que el fabricante ofrezca.
        </li>
<li>
         Válvula automática de retención que será instalada en la cañería del relé Buchholz de conexión entre el tanque de expansión principal (conservador) y la cuba. Dicha válvula se cerrará automáticamente y bloqueará el paso del aceite cuando se produzca una pérdida importante en la cuba. Tendrá claramente identificada la posición de
         <a class="externalLink glosarioLink use-ajax" data-dialog-type="modal" href="/taxonomy/term/353/definition" id="version-392">
          trabajo
         </a>
         . En caso que la válvula de retención no sea apta para realizar tratamientos o llenado de aceite a través de ella, deberá proveerse un circuito especial para tales fines.
        </li>
</ul>
<br/>
       Se deberá entregar para su aprobación un plano con detalles y cortes constructivos de dicha válvula, donde se aprecien el mecanismo de retención, los elementos constitutivos y los materiales empleados.
       <br/>
<br/>
<b>
        7.7.3 Válvulas para los radiadores
       </b>
<br/>
       Cada transformador deberá suministrarse con las válvulas de paso a la entrada y salida de cada radiador de tal modo que se puedan realizar reparaciones o cambios sin que se afecte el funcionamiento del transformador.
       <br/>
<br/>
<b>
        7.7.4 Condiciones exigidas para las válvulas
       </b>
<br/>
       Las siguientes condiciones regirán para las válvulas suministradas:
       <br/>
<ul>
<li>
         Todas las válvulas de drenaje, filtrado y muestreo, deberán poder resistir, sin filtraciones, las presiones de operación con aceite caliente y las sobrepresiones de prueba bajo aire y aceite.
        </li>
<li>
         Todas las válvulas de filtrado deberán ser adecuadas para permitir un acoplamiento con brida (flange), a los equipos de tratamiento de aceite.
        </li>
<li>
         Las válvulas de paso deberán tener un dispositivo que indique las posiciones cerrado y abierto, y permita su bloqueo en ambas posiciones. Cada posición deberá estar claramente marcada.
        </li>
<li>
         Todas las válvulas deberán estar conectadas por medio de bridas (flanges), unidas con pernos y empaquetaduras que permitan instalarlas y removerlas individualmente.
        </li>
<li>
         Las válvulas de los radiadores deberán ser del tipo mariposa, de sello metal – metal. No deberán tener  “O – ring” para efectuar el cierre.
        </li>
<li>
         Se deberán suministrar separadamente, bridas (flanges) ciegos o su equivalente, a prueba de aceite para uso en cada unión, cuando se retiren los paneles de radiadores.
        </li>
</ul>
<br/>
       El fabricante entregará en su oferta un plano con la ubicación y características de las válvulas ofrecidas.
       <br/>
<h3 id="heading_18">
        7.8 TRANSFORMADORES DE CORRIENTE (TT/CC)
       </h3>
       Es responsabilidad del fabricante suministrar los transformadores de corriente adecuados para ser utilizados con el
       <a class="externalLink glosarioLink use-ajax" data-dialog-type="modal" href="/taxonomy/term/324/definition" id="version-363">
        sistema
       </a>
       de medición de temperatura y el regulador de
       <a class="externalLink glosarioLink use-ajax" data-dialog-type="modal" href="/taxonomy/term/338/definition" id="version-377">
        tensión
       </a>
       para control del CDBC. Las características de estos TT/CC deberán ser informadas por el fabricante al Cliente, para su conocimiento.
       <br/>
<br/>
       Deberán incluirse transformadores de corriente tipo
       <a class="externalLink glosarioLink use-ajax" data-dialog-type="modal" href="/taxonomy/term/45/definition" id="version-78">
        aislador
       </a>
       pasante, los cuales deberán cumplir los requerimientos de la Norma IEC – 60044.
       <br/>
<br/>
       La cantidad, ubicación y tipo de cada transformador de corriente se indican en el Anexo 1.
       <br/>
<br/>
       Todos los terminales secundarios de los TT/CC deberán llevarse hasta cajas de salida ubicadas cerca de los aisladores pasantes. Estas cajas de salida deberán ser herméticas, con índice de protección IP 54, y accesibles desde el exterior. Desde estas cajas el fabricante alambrará los secundarios de los TT/CC hasta el gabinete de control del transformador.
       <br/>
<br/>
       En las cajas de salida se debe localizar una placa de identificación de los terminales secundarios, con polaridad y relación.
       <br/>
<br/>
       La polaridad de los TT/CC deberá ser substractiva. Deberán tener un factor térmico mínimo de 1,2.
       <br/>
<br/>
       El fabricante deberá entregar protocolos de las pruebas tipo y de rutina aplicadas a los TT/CC incluidos en el transformador. Deberá incluir además las curvas de excitación de los TT/CC.
       <br/>
<h3 id="heading_19">
        7.9 CAMBIADOR DE DERIVACIONES
       </h3>
<b>
        7.9.1 Cambiador de derivaciones bajo carga (CDBC)
       </b>
<br/>
       El CDBC y sus accesorios deberán ser de marca Maschinenfabrik Reinhausen (MR) tipo VacuTap o de una referencia aprobada previamente por el Cliente.
       <br/>
<br/>
       El CDBC y su
       <a class="externalLink glosarioLink use-ajax" data-dialog-type="modal" href="/taxonomy/term/157/definition" id="version-190">
        equipo de control
       </a>
       automático, deberán cumplir con la norma IEC 60214: “Cambiadores de derivaciones bajo
       <a class="externalLink glosarioLink use-ajax" data-dialog-type="modal" href="/taxonomy/term/80/definition" id="version-113">
        carga
       </a>
       ”.
       <br/>
<br/>
       En general, el CDBC deberá ser capaz de cumplir los requerimientos dieléctricos, de elevación de temperatura, esfuerzos electromecánicos por
       <a class="externalLink glosarioLink use-ajax" data-dialog-type="modal" href="/taxonomy/term/119/definition" id="version-152">
        cortocircuito
       </a>
       y capacidad de
       <a class="externalLink glosarioLink use-ajax" data-dialog-type="modal" href="/taxonomy/term/332/definition" id="version-371">
        sobrecarga
       </a>
       del transformador.
       <br/>
<br/>
       Además, como parte constitutiva del transformador, deberá satisfacer los requerimientos eléctricos y mecánicos que permitan efectuar al transformador todas las pruebas de rutina y tipo especificadas.
       <br/>
<br/>
       El transformador deberá ser capaz de entregar en forma permanente las potencias nominales, trabajando en cualquiera de las derivaciones del CDBC, sin exceder las elevaciones de temperatura especificadas en las normas.
       <br/>
<br/>
       El CDBC puede estar ubicado en cualquiera de los devanados de
       <a class="externalLink glosarioLink use-ajax" data-dialog-type="modal" href="/taxonomy/term/55/definition" id="version-88">
        alta tensión
       </a>
       , de acuerdo con el diseño del fabricante aprobado por el Cliente. Debe ser adecuado para
       <a class="externalLink glosarioLink use-ajax" data-dialog-type="modal" href="/taxonomy/term/320/definition" id="version-359">
        servicio
       </a>
       pesado (veinticinco operaciones diarias como promedio), y para
       <a class="externalLink glosarioLink use-ajax" data-dialog-type="modal" href="/taxonomy/term/320/definition" id="version-359">
        servicio
       </a>
       a la intemperie.
       <br/>
<br/>
       Deberá tener accesos con tapas fijadas mediante pernos, con el objetivo de
       <a class="externalLink glosarioLink use-ajax" data-dialog-type="modal" href="/taxonomy/term/236/definition" id="version-271">
        mantenimiento
       </a>
       y revisión.
       <br/>
<br/>
       El CDBC con medio refrigerante en aceite se diseñará con su propio estanque conservador de aceite. Debe ser suministrado con filtro deshumedecedor del aceite, con presóstato y termostato independientes. Este
       <a class="externalLink glosarioLink use-ajax" data-dialog-type="modal" href="/taxonomy/term/324/definition" id="version-363">
        sistema
       </a>
       debe contar con
       <a class="externalLink glosarioLink use-ajax" data-dialog-type="modal" href="/taxonomy/term/319/definition" id="version-358">
        señalización
       </a>
       de alarma en caso de
       <a class="externalLink glosarioLink use-ajax" data-dialog-type="modal" href="/taxonomy/term/171/definition" id="version-204">
        falla
       </a>
       . El conservador del CDBC debe incluir un indicador de nivel de aceite, de tipo magnético, con dos contactos NA/NC independientes. El CDBC deberá tener una válvula de alivio de presión y un relé detector de flujo, o un relé de presión súbita, con dos contactos NA/NC independientes.
       <br/>
<br/>
       El mecanismo motorizado del CDBC será alimentado con corriente alterna desde el gabinete de control, y deberá tener protección termo magnética independiente con contacto auxiliar de alarma.
       <br/>
<br/>
       Se debe suministrar un relé regulador de
       <a class="externalLink glosarioLink use-ajax" data-dialog-type="modal" href="/taxonomy/term/338/definition" id="version-377">
        tensión
       </a>
       , compensado por corriente, para permitir el control automático del CDBC.
       <br/>
<br/>
       Del mismo modo el fabricante debe proveer un dispositivo de marcha en paralelo.
       <br/>
<br/>
       El CDBC deberá tener una manivela para operarlo en forma manual. Al estar esta manivela colocada en su posición de funcionamiento deberá existir un contacto que bloquee su operación eléctrica (automática y  manual).
       <br/>
<br/>
       El CDBC deberá tener un indicador local mecánico de posición, el cual deberá ser visible desde el lugar de operación.
       <br/>
<br/>
       El fabricante deberá incluir como parte de la instrumentación del CDBC coronas potenciométricas independientes y transductores.
       <br/>
<br/>
       El CDBC deberá tener un contador mecánico de operaciones de al menos 6 dígitos.
       <br/>
<br/>
       El CDBC deberá tener contactos eléctricos de límite de carrera, y topes adecuados que prevengan y bloqueen la operación más allá de sus posiciones extremas.
       <br/>
<br/>
       La construcción del CDBC debe permitir retirar el selector de tomas, para
       <a class="externalLink glosarioLink use-ajax" data-dialog-type="modal" href="/taxonomy/term/236/definition" id="version-271">
        mantenimiento
       </a>
       , sin  bajar el nivel de aceite del estanque principal más de lo requerido para mantener los devanados inmersos en aceite.
       <br/>
<br/>
       El mecanismo motorizado debe tener un freno magnético para garantizar un control preciso del CDBC.
       <br/>
<br/>
       El gabinete de control del CDBC deberá cumplir las mismas exigencias constructivas que el gabinete de control del transformador.
       <br/>
<br/>
       El CDBC debe ser de fácil
       <a class="externalLink glosarioLink use-ajax" data-dialog-type="modal" href="/taxonomy/term/236/definition" id="version-271">
        mantenimiento
       </a>
       . No se acepta que deba desmontarse otros accesorios (por ejemplo el conservador de aceite), para poder realizar el
       <a class="externalLink glosarioLink use-ajax" data-dialog-type="modal" href="/taxonomy/term/236/definition" id="version-271">
        mantenimiento
       </a>
       a los selectores del CDBC.
       <br/>
<br/>
       El fabricante del transformador debe obtener, de parte del fabricante del CDBC, la garantía de buen funcionamiento del CDBC por un período igual o mayor a la garantía del transformador y las pautas detalladas de
       <a class="externalLink glosarioLink use-ajax" data-dialog-type="modal" href="/taxonomy/term/236/definition" id="version-271">
        mantenimiento
       </a>
       preventivo que recomienda para su
       <a class="externalLink glosarioLink use-ajax" data-dialog-type="modal" href="/taxonomy/term/156/definition" id="version-189">
        equipo
       </a>
       .
       <br/>
<br/>
       El fabricante deberá entregar al Cliente el estudio realizado para adaptar el diseño del transformador, al tipo de CDBC elegido. En particular interesa conocer la disposición del CDBC en los enrollados, su ubicación al centro o en los extremos de las bobinas, y la utilización de resistencias de polarización o de cualquier otro elemento de protección contra sobretensiones, tales como descargadores de
       <a class="externalLink glosarioLink use-ajax" data-dialog-type="modal" href="/taxonomy/term/338/definition" id="version-377">
        tensión
       </a>
       .
       <br/>
<h3 id="heading_20">
        7.10 GABINETE DE CONTROL
       </h3>
<b>
        7.10.1 Generalidades
       </b>
<br/>
       El Gabinete de Control deberá ser adecuado para uso a la intemperie, con grado de protección IP 54.
       <br/>
<br/>
       Será instalado a una altura apropiada para un operador de pie sobre el nivel de la base.
       <br/>
<br/>
       Los circuitos de control y equipos auxiliares deberán ser apropiados para ser alimentados desde fuentes de corriente continua o corriente alterna, indicadas en el Anexo 1.
       <br/>
<br/>
       Tanto los circuitos de control, como los de fuerza y calefacción deben estar protegidos mediante interruptores termomagnéticos, los cuales a su vez deben disponer de contactos auxiliares de alarma, con
       <a class="externalLink glosarioLink use-ajax" data-dialog-type="modal" href="/taxonomy/term/319/definition" id="version-358">
        señalización
       </a>
       en el SDA.
       <br/>
<br/>
       Todos los distintos dispositivos deberán ser alambrados hasta regletas de terminales (borneras).
       <br/>
<br/>
       Cuando sea aplicable, el fabricante efectuará el alambrado de acuerdo a lo indicado en planos preparados por el Cliente.
       <br/>
<br/>
       El Gabinete de Control deberá considerar una tapa en la parte inferior, con pernos, empaquetaduras y prensaestopas, para la entrada y salida de los cables de control y fuerza. No se aceptará que las entradas y salidas de cables sea por los costados o la parte superior del Gabinete de Control.
       <br/>
<br/>
       Todos los dispositivos deberán tener un acceso fácil para su
       <a class="externalLink glosarioLink use-ajax" data-dialog-type="modal" href="/taxonomy/term/200/definition" id="version-235">
        inspección
       </a>
       y
       <a class="externalLink glosarioLink use-ajax" data-dialog-type="modal" href="/taxonomy/term/236/definition" id="version-271">
        mantenimiento
       </a>
       .
       <br/>
<br/>
       Debe incluir una cerradura y un trabamiento de puerta en la posición abierta.
       <br/>
<br/>
       Debe poseer un calefactor blindado, controlado por termostato, para prevenir la condensación de humedad en su interior. Además deberán incluirse celosías para ventilación, con filtro.
       <br/>
<br/>
       Debe incluir iluminación interior accionada por un switch de puerta.
       <br/>
<br/>
       Se debe proveer un dispositivo que permita la energización del calefactor a través del embalaje, durante el período de almacenamiento del
       <a class="externalLink glosarioLink use-ajax" data-dialog-type="modal" href="/taxonomy/term/156/definition" id="version-189">
        equipo
       </a>
       .
       <br/>
<br/>
       El circuito de calefacción e iluminación debe incluir protección termomagnética, con contacto auxiliar de alarma. Su alimentación eléctrica será monofásica en corriente alterna, del valor indicado en el Anexo 1.
       <br/>
<br/>
       Todos los dispositivos instalados en el gabinete de control deber estar identificados  mediante placas acrílicas grabadas en forma indeleble, de acuerdo a los planos de alambrado;  el gabinete de control  también deberá tener su placa de identificación, impresa en idioma español.
       <br/>
<br/>
       El gabinete de control deberá ser instalado con elementos amortiguadores para evitar el traspaso de las vibraciones del transformador a los elementos de control.
       <br/>
<br/>
       En el gabinete deben instalarse las borneras terminales de los accesorios (transformadores de corriente, señales de indicación, alarmas,  protecciones, relés, etc.), los dispositivos de control  de refrigeración, las protecciones de los motores y en general todos los elementos para el alambrado de los controles del transformador, con excepción de los controles del CDBC, los cuales deben estar en su propio gabinete.
       <br/>
<h3 id="heading_21">
        7.11 ALAMBRADO Y BORNERAS DEL GABINETE DE CONTROL
       </h3>
       La aislación del
       <a class="externalLink glosarioLink use-ajax" data-dialog-type="modal" href="/taxonomy/term/74/definition" id="version-107">
        cable
       </a>
       de control deberá ser de
       <a class="externalLink glosarioLink use-ajax" data-dialog-type="modal" href="/taxonomy/term/345/definition" id="version-384">
        tensión nominal
       </a>
       0,6/1 kV, según IEC 60502.
       <br/>
<br/>
       El
       <a class="externalLink glosarioLink use-ajax" data-dialog-type="modal" href="/taxonomy/term/74/definition" id="version-107">
        cable
       </a>
       de control utilizado para el alambrado del gabinete de control deberá ser de cobre flexible de 19 hebras como mínimo, temperatura de operación clase 90ºC.
       <br/>
<br/>
       La sección de los cables para circuitos de control será de 2,5 mm², y para circuitos de corriente será 4 mm². El fabricante podrá ofrecer secciones menores para aprobación del Cliente.
       <br/>
<br/>
       Los cables de alambrado del gabinete de control deberán estar provistos de terminales prensables convenientemente identificados. Los terminales deben ser del tipo punta, con collarín aislante.
       <br/>
<br/>
       Las borneras serán del tipo apilable, aptas para colocar sus números correlativos de identificación.
       <br/>
<br/>
       Las borneras para circuitos de corriente deben ser seccionables y deben incluir puentes que permitan cortocircuitarlas. Asimismo, deben incluir alvéolos.
       <br/>
<br/>
       El fabricante debe proveer como mínimo un 20% de borneras de reserva, de cada tipo, para uso del Cliente.
       <br/>
<br/>
       La canalización en el interior de gabinetes deberá ejecutarse preferentemente usando canaletas portacables plásticas. Los conductores serán agrupados y fijados mediante sujetadores no metálicos, adecuados para proteger su aislación y soportar el peso de los cables.
       <br/>
<br/>
       Todo el alambrado externo al gabinete de control deberá quedar protegido contra daños mecánicos mediante canalizaciones metálicas rígidas o flexibles.
       <br/>
<br/>
<b>
        7.11.1 Marcación interna de cables
       </b>
<br/>
       Los conductores de los sistemas de control, protección,
       <a class="externalLink glosarioLink use-ajax" data-dialog-type="modal" href="/taxonomy/term/319/definition" id="version-358">
        señalización
       </a>
       ,
       <a class="externalLink glosarioLink use-ajax" data-dialog-type="modal" href="/taxonomy/term/338/definition" id="version-377">
        tensión
       </a>
       y corriente deberán estar identificados en ambos extremos con marquillas de
       <a class="externalLink glosarioLink use-ajax" data-dialog-type="modal" href="/taxonomy/term/239/definition" id="version-274">
        material
       </a>
       sintético (no se acepta papel o similar) cuya instalación no requiera desconexión del
       <a class="externalLink glosarioLink use-ajax" data-dialog-type="modal" href="/taxonomy/term/74/definition" id="version-107">
        cable
       </a>
       siempre que asegure su correcta fijación al mismo, de marcación indeleble con caracteres de color negro (no se aceptará marcación hecha a mano). Cada extremo (dos marquillas) deberá identificar el punto de origen y el punto de destino de la conexión (marcación directa y cruzada).
       <br/>
<br/>
       Las marquillas correspondientes a las bobinas de disparo deben realizarse en color rojo  e incluir dentro de la identificación la letra  “D”.
       <br/>
<br/>
<b>
        7.11.2 Color de los conductores
       </b>
<br/>
       El color de los conductores se describe en la tabla presentada a continuación:
       <br/>
<br/>
<div style="width:820px;">
<table>
<tr>
<td colspan="1" rowspan="1" style="width:120px;height:20px;text-align:center">
<b>
            Item
           </b>
</td>
<td colspan="1" rowspan="1" style="width:400px;text-align:center">
<b>
            Descripción
           </b>
</td>
<td colspan="1" rowspan="1" style="width:300px;text-align:center">
<b>
            Color del aislamiento
           </b>
</td>
</tr>
<tr>
<td colspan="1" rowspan="1" style="height:20px;text-align:center">
           1
          </td>
<td colspan="1" rowspan="1" style="">
           Circuitos de mando y protección
          </td>
<td colspan="1" rowspan="1" style="text-align:center">
           GRIS
          </td>
</tr>
<tr>
<td colspan="1" rowspan="1" style="height:20px;text-align:center">
           2
          </td>
<td colspan="1" rowspan="1" style="">
           Circuitos de alarma y
           <a class="externalLink glosarioLink use-ajax" data-dialog-type="modal" href="/taxonomy/term/319/definition" id="version-358">
            señalización
           </a>
</td>
<td colspan="1" rowspan="1" style="text-align:center">
           BLANCO
          </td>
</tr>
<tr>
<td colspan="1" rowspan="1" style="height:20px;text-align:center">
           3
          </td>
<td colspan="1" rowspan="1" style="">
           Conductores de
           <a class="externalLink glosarioLink use-ajax" data-dialog-type="modal" href="/taxonomy/term/348/definition" id="version-387">
            tierra
           </a>
</td>
<td colspan="1" rowspan="1" style="text-align:center">
           VERDE-AMARILLO
          </td>
</tr>
<tr>
<td colspan="1" rowspan="1" style="height:20px;text-align:center">
           4
          </td>
<td colspan="1" rowspan="1" style="">
           Circuitos de corriente alterna (auxiliares)
          </td>
<td colspan="1" rowspan="1" style="text-align:center">
           NEGRO
          </td>
</tr>
</table>
<br/>
</div>
<h3 id="heading_22">
        7.12 PROTECCIONES
       </h3>
       El transformador deberá incluir como mínimo las siguientes protecciones:
       <br/>
<br/>
       Un relé Buchholz asísmico para el
       <a class="externalLink glosarioLink use-ajax" data-dialog-type="modal" href="/taxonomy/term/324/definition" id="version-363">
        sistema
       </a>
       de preservación del aceite del estanque del transformador. Este relé será del tipo doble flotador, con tres contactos independientes, uno para alarma por
       <a class="externalLink glosarioLink use-ajax" data-dialog-type="modal" href="/taxonomy/term/171/definition" id="version-204">
        falla
       </a>
       incipiente y dos contactos de operación por
       <a class="externalLink glosarioLink use-ajax" data-dialog-type="modal" href="/taxonomy/term/171/definition" id="version-204">
        falla
       </a>
       franca. No se aceptarán contactos de mercurio.
       <br/>
<br/>
       Una válvula de sobrepresión interna del transformador la cual debe contar con una tubería para dirigir el aceite expulsado, en caso de operación de la válvula. Con contactos de alarma y disparo.
       <br/>
<br/>
       Un relé de aumento rápido de presión de aceite, insensible a las variaciones lentas debidas a cambios de
       <a class="externalLink glosarioLink use-ajax" data-dialog-type="modal" href="/taxonomy/term/80/definition" id="version-113">
        carga
       </a>
       . Con contactos de alarma y disparo
       <br/>
<br/>
       Un relé de flujo de aceite para protección para el CDBC, con válvulas de aislamiento.  Con contactos de alarma y disparo.
       <br/>
<br/>
       Una válvula de alivio de presión para el estanque del CDBC. Con contactos de alarma y disparo.
       <br/>
<br/>
       Todos los contactos deben ser aptos para un
       <a class="externalLink glosarioLink use-ajax" data-dialog-type="modal" href="/taxonomy/term/324/definition" id="version-363">
        sistema
       </a>
       de 125 VCC aislado de
       <a class="externalLink glosarioLink use-ajax" data-dialog-type="modal" href="/taxonomy/term/348/definition" id="version-387">
        tierra
       </a>
       .
       <br/>
<br/>
       Nota: Las protecciones para el
       <a class="externalLink glosarioLink use-ajax" data-dialog-type="modal" href="/taxonomy/term/324/definition" id="version-363">
        sistema
       </a>
       de refrigeración por aceite del CDBC solo aplican para los CDBC de este tipo. En otros mecanismos (como el VacuTap) estos dispositivos se deberán reemplazar por los que sean aplicables a esta tecnología.
       <br/>
<h3 id="heading_23">
        7.13 SISTEMAS DE CONTROL
       </h3>
<b>
        7.13.1 Control grupos de ventiladores
       </b>
<br/>
       El control de los ventiladores debe tener modos automático y manual, escogidos mediante un selector. En modo automático el
       <a class="externalLink glosarioLink use-ajax" data-dialog-type="modal" href="/taxonomy/term/324/definition" id="version-363">
        sistema
       </a>
       de refrigeración debe ser controlado por el monitor de temperatura. En  modo manual el
       <a class="externalLink glosarioLink use-ajax" data-dialog-type="modal" href="/taxonomy/term/324/definition" id="version-363">
        sistema
       </a>
       debe arrancar y parar por medio de botones pulsadores o de un suiche.
       <br/>
<br/>
       El selector manual-automático debe tener un juego de contactos adicional para
       <a class="externalLink glosarioLink use-ajax" data-dialog-type="modal" href="/taxonomy/term/319/definition" id="version-358">
        señalización
       </a>
       remota para cualquier posición.
       <br/>
<br/>
       El fabricante debe proveer todos los contactores, relés, lámparas indicadoras, dispositivos de protección e interruptores miniatura necesarios para el control de los ventiladores.
       <br/>
<br/>
       Adicionalmente debe tener contactos de alarma para “
       <a class="externalLink glosarioLink use-ajax" data-dialog-type="modal" href="/taxonomy/term/332/definition" id="version-371">
        sobrecarga
       </a>
       del  motor”, “motor parado” y “disparo de la alimentación principal de los motores”. Cada motor debe tener su propio contactor y protección térmica.
       <br/>
<br/>
       El
       <a class="externalLink glosarioLink use-ajax" data-dialog-type="modal" href="/taxonomy/term/324/definition" id="version-363">
        sistema
       </a>
       de control debe  incluir
       <a class="externalLink glosarioLink use-ajax" data-dialog-type="modal" href="/taxonomy/term/319/definition" id="version-358">
        señalización
       </a>
       por falta de
       <a class="externalLink glosarioLink use-ajax" data-dialog-type="modal" href="/taxonomy/term/338/definition" id="version-377">
        tensión
       </a>
       auxiliar de CA y de CC.
       <br/>
<br/>
       Los mandos manuales, la
       <a class="externalLink glosarioLink use-ajax" data-dialog-type="modal" href="/taxonomy/term/319/definition" id="version-358">
        señalización
       </a>
       de estado y las alarmas deben estar presentes en el SDA.
       <br/>
<br/>
<b>
        7.13.2 Control del CDBC
       </b>
<br/>
       El
       <a class="externalLink glosarioLink use-ajax" data-dialog-type="modal" href="/taxonomy/term/324/definition" id="version-363">
        sistema
       </a>
       de control del CDBC debe incluir los contactores, contador de operaciones, indicador de posición con puntos máximos y mínimos, transmisor para indicación remota de posición, pulsadores para subir y bajar la derivación, selector de control local / remoto, suiches límites para prevenir sobre viaje del mecanismo, proteccion térmica del motor.
       <br/>
<br/>
       El fabricante debe someter a aprobación del Cliente los diagramas eléctricos del CDBC.
       <br/>
<br/>
       Los mandos manuales, la
       <a class="externalLink glosarioLink use-ajax" data-dialog-type="modal" href="/taxonomy/term/319/definition" id="version-358">
        señalización
       </a>
       de estado y las alarmas deben estar presentes en el SDA.
       <br/>
<br/>
       El suministro debe incluir un relé regulador de
       <a class="externalLink glosarioLink use-ajax" data-dialog-type="modal" href="/taxonomy/term/338/definition" id="version-377">
        tensión
       </a>
       numérico con ajustes de tiempo graduables.
       <br/>
<br/>
       El relé debe tener capacidad para controlar la operación en paralelo de dos bancos de transformadores para lo cual debe disponer de un selector “ Maestro-Seguidor”.
       <br/>
<br/>
       El relé debe tener compensación por caída de
       <a class="externalLink glosarioLink use-ajax" data-dialog-type="modal" href="/taxonomy/term/338/definition" id="version-377">
        tensión
       </a>
       y bloqueo por sobrecorriente.
       <br/>
<br/>
       El regulador de
       <a class="externalLink glosarioLink use-ajax" data-dialog-type="modal" href="/taxonomy/term/338/definition" id="version-377">
        tensión
       </a>
       debe integrarse al
       <a class="externalLink glosarioLink use-ajax" data-dialog-type="modal" href="/taxonomy/term/324/definition" id="version-363">
        sistema
       </a>
       digital de automatización (SDA) para transmitir la información de posiciones del CDBC, las posiciones de los selectores de operación y los comandos “Subir – Bajar” desde el SDA.
       <br/>
<br/>
       El relé regulador de
       <a class="externalLink glosarioLink use-ajax" data-dialog-type="modal" href="/taxonomy/term/338/definition" id="version-377">
        tensión
       </a>
       debe ubicarse en el mismo gabinete de control del SDA del transformador.
       <br/>
<h3 id="heading_24">
        7.14 INSTRUMENTOS
       </h3>
       El transformador deberá incluir como mínimo los siguientes instrumentos:
       <br/>
<br/>
       Indicadores de nivel de aceite del transformador y del CDBC(cuando aplique), de tipo magnético, con dos contactos independientes NA/NC, y con resistencia variable.
       <br/>
<br/>
       Serán ajustados en fábrica para operar con el nivel mínimo, el cual deberá ser indicado expresamente por el fabricante. La escala de los indicadores de nivel debe ser graduada del "0" al "10" en una amplitud de 240º, indicando niveles mínimo, máximo y normal. Los indicadores deben ser instalados en sus respectivos estanques conservadores.
       <br/>
<br/>
       Estos indicadores de nivel deberán instalarse con un ángulo de inclinación de 45°, para facilitar su lectura a un operador parado al pie de la base.
       <br/>
<br/>
       Las señales de nivel deben estar presentes en el SDA.
       <br/>
<br/>
       Monitor de temperatura. Este instrumento, de tecnología basada en microprocesadores, debe registrar las temperaturas instantáneas y máximas de aceite e incorporar un circuito de simulación para indicar las temperaturas instantáneas y máximas del punto más caliente en cada devanado del transformador (Imagen Térmica). Deben incluirse los transformadores de corriente necesarios para esta función.
       <br/>
<br/>
       Debe poseer salidas para medición remota de temperatura de aceite y de devanados, de acuerdo a lo indicado en el Anexo 1.
       <br/>
<br/>
       Debe poseer contactos independientes, para 10 A, cuyas características de funcionalidad y valores de ajuste deberán cumplir las funciones de control, alarma y disparo previstas en el diseño detallado del proyecto.
       <br/>
<br/>
       Debe proveerse con un
       <a class="externalLink glosarioLink use-ajax" data-dialog-type="modal" href="/taxonomy/term/324/definition" id="version-363">
        sistema
       </a>
       que permita ajustar convenientemente la elevación del punto más caliente del devanado sobre el aceite superior, obtenida a partir de los ensayos de calentamiento del transformador.
       <br/>
<br/>
       Debe considerar un display con información local de la temperatura de aceite y de devanados. (No se aceptarán display de cristal líquido)
       <br/>
<br/>
       Debe tener capacidad de almacenamiento de datos, que permita recuperar y leer en el visor los valores máximos de temperatura de aceite y de devanados.
       <br/>
<br/>
       Debe poseer una clase de exactitud del 2%, y una constante de tiempo ajustable entre 1 y 10 minutos para la temperatura de devanados.
       <br/>
<br/>
       El algoritmo de cálculo para el punto más caliente del devanado, debe estar de acuerdo con la norma IEEE C57.91, o la norma IEC 60354.
       <br/>
<br/>
       La ubicación del monitor deberá ser adecuada para que un operador parado en el frente del gabinete de control pueda leerlo sin dificultad a través de una ventana en la puerta del gabinete.
       <br/>
<br/>
       El proveedor deberá incluir en el precio del monitor, el software, cables de comunicaciones y otros accesorios.
       <br/>
<br/>
       El monitor de temperatura debe controlar las dos etapas de refrigeración, iniciar alarmas por temperatura alta del aceite o los devanados y ordenar la apertura del
       <a class="externalLink glosarioLink use-ajax" data-dialog-type="modal" href="/taxonomy/term/205/definition" id="version-240">
        interruptor
       </a>
       de 115 kV cuando se alcance la temperatura de máximo riesgo.
       <br/>
<br/>
       Los contactos de control, alarma y disparo se deben reponer cuando la temperatura disminuya del valor de operación en una magnitud ajustable entre 15°C y 30°C.
       <br/>
<br/>
       Las señales de temperatura de aceite y devanado deben estar presentes en el SDA.
       <br/>
<br/>
       El grado de protección del monitor de temperatura debe ser IP54.
       <br/>
<h3 id="heading_25">
        7.15 DESCARGADORES DE SOBRETENSIÓN
       </h3>
       Si los descargadores son instalados sobre el transformador el fabricante deberá suministrar soportes desmontables, adosados al estanque del transformador, de modo que instalados formen un conjunto rígido con él. Estos soportes deben ser independientes de los radiadores.
       <br/>
<br/>
       Las características de los descargadores deben ser utilizadas para realizar el análisis sísmico del transformador.
       <br/>
<br/>
       Cuando corresponda, la altura de los soportes deberá ajustarse de modo que el extremo superior de cada descargador esté próximo al terminal del
       <a class="externalLink glosarioLink use-ajax" data-dialog-type="modal" href="/taxonomy/term/45/definition" id="version-78">
        aislador
       </a>
       pasante asociado, cumpliéndose las distancias eléctricas y de
       <a class="externalLink glosarioLink use-ajax" data-dialog-type="modal" href="/taxonomy/term/318/definition" id="version-357">
        seguridad
       </a>
       adecuadas.
       <br/>
<h3 id="heading_26">
        7.16 CAJA DE CONEXIONES PARA EL TERCIARIO
       </h3>
       Cada transformador debe contar con una caja para cables de
       <a class="externalLink glosarioLink use-ajax" data-dialog-type="modal" href="/taxonomy/term/242/definition" id="version-277">
        media tensión
       </a>
       en la cual deben estar alojados los aisladores pasantes del devanado terciario con capacidad para conectar dos terminales preformados correspondientes a los cables para la formación de la delta de compensación del banco de transformadores..
       <br/>
<br/>
       El fabricante debe garantizar un espacio suficiente para los cables y sus terminales sin violar las distancias eléctricas requeridas.
       <br/>
<h3 id="heading_27">
        7.17 SISTEMA DE FILTRADO CONTINUO DE ACEITE DEL CAMBIADOR DE TOMAS (SEGÚN APLIQUE)
       </h3>
       El transformador debe disponer de un
       <a class="externalLink glosarioLink use-ajax" data-dialog-type="modal" href="/taxonomy/term/324/definition" id="version-363">
        sistema
       </a>
       de filtrado continuo para el aceite del CDBC, completo con todos los accesorios para limpieza y secado del aceite.
       <br/>
<br/>
       El
       <a class="externalLink glosarioLink use-ajax" data-dialog-type="modal" href="/taxonomy/term/156/definition" id="version-189">
        equipo
       </a>
       debe arrancar automáticamente después de cada operación del CDBC y permanecer operando durante el tiempo recomendado por el fabricante. También debe tener mando manual.
       <br/>
<br/>
       Los circuitos de control deben tener protección termomagnética con
       <a class="externalLink glosarioLink use-ajax" data-dialog-type="modal" href="/taxonomy/term/319/definition" id="version-358">
        señalización
       </a>
       local y remota en el SDA.
       <br/>
<br/>
       El
       <a class="externalLink glosarioLink use-ajax" data-dialog-type="modal" href="/taxonomy/term/324/definition" id="version-363">
        sistema
       </a>
       debe incluir bomba, filtros, tuberías, tanque presurizado, válvula de sobrepresión, tomas para
       <a class="externalLink glosarioLink use-ajax" data-dialog-type="modal" href="/taxonomy/term/253/definition" id="version-288">
        muestra
       </a>
       de aceite, indicación para cambio de filtro, gabinete de control y en general todos los componentes requeridos para su operación confiable.
       <br/>
<br/>
       El gabinete de control debe tener grado de protección IP54 y debe contener los relés auxiliares, el guada motor de la bomba, contadores de operación (tiempo y número), calefacción con control automático y selector “Operación - Prueba”.
       <br/>
<h3 id="heading_28">
        7.18 GABINETE DE INTERCONEXIÓN PARA BANCO TRIFÁSICO
       </h3>
       Debe suministrarse un gabinete autosoportado, tipo intemperie, grado de protección IP54 para el banco trifásico de transformadores en el cual se centralice el mando y
       <a class="externalLink glosarioLink use-ajax" data-dialog-type="modal" href="/taxonomy/term/319/definition" id="version-358">
        señalización
       </a>
       del
       <a class="externalLink glosarioLink use-ajax" data-dialog-type="modal" href="/taxonomy/term/324/definition" id="version-363">
        sistema
       </a>
       de refrigeración, de los CDBC y se distibuyan las señales provenientes de cada transformador hacia la casa de control de la
       <a class="externalLink glosarioLink use-ajax" data-dialog-type="modal" href="/taxonomy/term/334/definition" id="version-373">
        subestación
       </a>
       .
       <br/>
<br/>
       Debe poseer un calefactor blindado, controlado por termostato, para prevenir la condensación de humedad en su interior. Además deberán incluirse celosías para ventilación, con filtro.
       <br/>
<br/>
       Debe incluir iluminación interior accionada por un switch de puerta.
       <br/>
<br/>
       Todos los dispositivos instalados en el gabinete de interconexión deber estar convenientemente identificados  mediante placas acrílicas grabadas en forma indeleble, de acuerdo a los planos de alambrado;  el gabinete de interconexión  también deberá tener su placa de identificación, impresa en idioma español.
       <br/>
<br/>
       En lo que sea aplicable deben cumplirse las especificaciones dadas para el gabinete de control.
       <br/>
<h3 id="heading_29">
        7.19 PINTURA
       </h3>
       La pintura exterior del transformador y sus gabinetes deberá resistir, sin deteriorarse, las condiciones atmosféricas para
       <a class="externalLink glosarioLink use-ajax" data-dialog-type="modal" href="/taxonomy/term/320/definition" id="version-359">
        servicio
       </a>
       permanente a la intemperie, en el ambiente indicado en el numeral 3.1 “Condiciones ambientales”.
       <br/>
<br/>
       El color de la pintura será informado por el Cliente en el Anexo 1.
       <br/>
<br/>
       El proceso de pintura debe cumplir las siguientes exigencias:
       <br/>
<ul>
<li>
         Resistencia a la humedad y a la niebla salina en condiciones normales por 250 horas, (ensayos de acuerdo a las normas ASTM B117 y D2247).
        </li>
<li>
         Resistencia a impacto mínimo de 6 cm-kg (ensayos de acuerdo a la norma ASTM D2794), y a los efectos del transporte marítimo desde la fábrica.
        </li>
<li>
         El espesor de la pintura deberá tener como mínimo un promedio de 150 micrómetros.
        </li>
<li>
         Todas las capas de pintura deben garantizar una adherencia mínima de 400 PSI (libras/pulgada2) probada según norma ASTM D4541.
        </li>
<li>
         Se deberán confeccionar chapas de
         <a class="externalLink glosarioLink use-ajax" data-dialog-type="modal" href="/taxonomy/term/253/definition" id="version-288">
          muestra
         </a>
         (testigos).
        </li>
</ul>
<br/>
       El fabricante deberá realizar ensayos a las chapas de
       <a class="externalLink glosarioLink use-ajax" data-dialog-type="modal" href="/taxonomy/term/253/definition" id="version-288">
        muestra
       </a>
       , pintadas con el mismo procedimiento que se pinte el transformador, con el propósito de garantizar que ésta cumple con todos los requerimientos de duración, adherencia y resistencia al impacto, de acuerdo a las normas ASTM correspondientes.
       <br/>
<h3 id="heading_30">
        7.20 PLACAS DE CARÁCTERISTICAS
       </h3>
       Cada transformador deberá estar provisto de una placa de características (nameplate), de metal inoxidable, colocada en un lugar de fácil lectura, que contendrá al menos la información acerca de las características del transformador, detallado por las normas IEC.
       <br/>
<br/>
       Esta placa deberá  estar escrita en español y deberá ser sometida oportunamente a la
       <br/>
       aprobación del Cliente.
       <br/>
<br/>
       El fabricante deberá incluir una placa con la curva de temperatura versus nivel del aceite, obtenida durante la prueba de calentamiento.
       <br/>
<br/>
       El fabricante deberá incluir una placa con el circuito de control, instalada sobre la puerta en el interior del Gabinete de Control.
       <br/>
<br/>
       Otros elementos incluidos en el transformador tales como aisladores pasantes, CDBC, transformadores de corriente (incluidos los TC’s destinados a medición de temperatura y regulación de
       <a class="externalLink glosarioLink use-ajax" data-dialog-type="modal" href="/taxonomy/term/338/definition" id="version-377">
        tensión
       </a>
       ), deberán tener sus propias placas de características en
       <a class="externalLink glosarioLink use-ajax" data-dialog-type="modal" href="/taxonomy/term/106/definition" id="version-139">
        conformidad
       </a>
       con las normas correspondientes, ubicadas en lugares de fácil lectura para un operador.
       <br/>
<h3 id="heading_31">
        7.21 REPUESTOS
       </h3>
       El oferente deberá incluir una lista de los repuestos recomendados para un periodo de cinco (5) años, así como todos aquellos elementos que sean necesarios en la etapa de montaje y pruebas de puesta en
       <a class="externalLink glosarioLink use-ajax" data-dialog-type="modal" href="/taxonomy/term/320/definition" id="version-359">
        servicio
       </a>
       , tales como empaquetaduras, fusibles, lámparas, etc.
       <br/>
<h2 id="heading_32">
        8. INSPECCIÓN TÉCNICA
       </h2>
       Todos los materiales y dispositivos empleados en la construcción de cada transformador serán sometidos a una
       <a class="externalLink glosarioLink use-ajax" data-dialog-type="modal" href="/taxonomy/term/200/definition" id="version-235">
        Inspección
       </a>
<a class="externalLink glosarioLink use-ajax" data-dialog-type="modal" href="/taxonomy/term/337/definition" id="version-376">
        Técnica
       </a>
       por parte del Cliente (o sus representantes), en las siguientes oportunidades:
       <br/>
<h3 id="heading_33">
        8.1 INSPECCIÓN DURANTE LA FABRICACIÓN
       </h3>
       El cliente o sus representantes se reservan el derecho de realizar inspecciones a la fábrica en cualquier etapa del proceso de fabricación. El fabricante deberá proporcionar todas las facilidades para tener acceso a los procesos de fabricación durante las horas de
       <a class="externalLink glosarioLink use-ajax" data-dialog-type="modal" href="/taxonomy/term/353/definition" id="version-392">
        trabajo
       </a>
       y permitirá tomar fotografías o realizar filmaciones de las diferentes etapas de fabricación. Durante la fabricación se inspeccionará la parte activa del transformador antes de encubar.
       <br/>
<h3 id="heading_34">
        8.2 INSPECCIÓN DURANTE LAS PRUEBAS DE RECEPCIÓN FINALES
       </h3>
       En el Anexo 1 se indica las pruebas solicitadas para cada tipo de transformador.
       <br/>
<br/>
       El fabricante deberá entregar el Programa de
       <a class="externalLink glosarioLink use-ajax" data-dialog-type="modal" href="/taxonomy/term/200/definition" id="version-235">
        Inspección
       </a>
       y pruebas, para ser revisado y aprobado por el Cliente. Este indicará qué pruebas de recepción no podrán realizarse sin la presencia de sus representantes.
       <br/>
<br/>
       El fabricante presentará para las pruebas de recepción finales, sólo transformadores completamente terminados, y deberá además haber efectuado previamente las pruebas internas de fábrica, de modo de garantizar que el
       <a class="externalLink glosarioLink use-ajax" data-dialog-type="modal" href="/taxonomy/term/299/definition" id="version-338">
        producto
       </a>
       que está presentando, cumplirá con las exigencias del Cliente. No se aceptará iniciar los ensayos con el alambrado de control inconcluso.
       <br/>
<h3 id="heading_35">
        8.3 INSPECCIÓN DEL DESARME Y EMBALAJE
       </h3>
       Una vez concluidas exitosamente las pruebas de recepción en fábrica, los transformadores se inspeccionarán durante las actividades de desarme, y se verificará que el embalaje es el adecuado para transporte marítimo y terrestre.
       <br/>
<br/>
       El
       <a class="externalLink glosarioLink use-ajax" data-dialog-type="modal" href="/taxonomy/term/156/definition" id="version-189">
        equipo
       </a>
       sólo podrá ser despachado desde la fábrica si cuenta con un certificado de aprobación emitido por el representante del Cliente, al finalizar esta
       <a class="externalLink glosarioLink use-ajax" data-dialog-type="modal" href="/taxonomy/term/200/definition" id="version-235">
        inspección
       </a>
       .
       <br/>
<h2 id="heading_36">
        9. PRUEBAS EN FÁBRICA
       </h2>
       Las pruebas de recepción de cada transformador consistirán en pruebas mecánicas, pruebas de los accesorios y pruebas eléctricas, según se detallan más adelante.
       <br/>
<br/>
       Todas las pruebas que se mencionan a continuación son obligatorias y deben estar incluidas en el precio del transformador.
       <br/>
<br/>
       El Cliente podrá exigir la verificación de los instrumentos y demás equipos que se utilicen en las pruebas de recepción, en presencia de sus representantes. El fabricante deberá tener los certificados de
       <a class="externalLink glosarioLink use-ajax" data-dialog-type="modal" href="/taxonomy/term/78/definition" id="version-111">
        calibración
       </a>
       de todos los instrumentos de medida y presentarlos al inspector en el caso de que éste los solicite.
       <br/>
<br/>
       Cuando el resultado de alguna prueba no esté de acuerdo, o existan dudas, con los valores especificados o garantizados, se debe repetir la prueba sin costo adicional para el Cliente.
       <br/>
<h3 id="heading_37">
        9.1 PRUEBAS MECÁNICAS
       </h3>
<b>
        9.1.1 Prueba de estanqueidad
       </b>
<br/>
       Se realizará esta prueba al transformador completo con todos sus accesorios montados y lleno de aceite, con una presión de 0,7 kg/cm2 medida en el fondo del estanque, durante 24 horas. Durante la prueba se verificarán posibles filtraciones de aceite en el estanque, cañerías, uniones, válvulas, radiadores, etc., y se verificará eventuales deformaciones permanentes. Esta prueba deberá realizarse antes de aplicar la o las últimas manos de pintura, debiendo estar el estanque y los accesorios meticulosamente limpios para evitar que puedan taparse las posibles porosidades existentes. En caso de producirse filtraciones de aceite, la prueba de presión deberá repetirse cuantas veces sea necesario, hasta que se demuestre haber eliminado totalmente cualquier filtración.
       <br/>
<br/>
<b>
        9.1.2 Prueba de vació
       </b>
<br/>
       Se deberá realizar una prueba de vacío de 1 mm Hg al transformador completo, con todos sus accesorios montados y sin aceite, haciendo la correspondiente verificación de deformaciones.
       <br/>
<br/>
<b>
        9.1.3 Válvulas
       </b>
<br/>
       Se deberán examinar todas las válvulas mecánicas, verificando su correcta instalación y funcionamiento.
       <br/>
<br/>
<b>
        9.1.4 Medición del nivel de ruido
       </b>
<br/>
       La prueba se realizará de acuerdo al
       <a class="externalLink glosarioLink use-ajax" data-dialog-type="modal" href="/taxonomy/term/243/definition" id="version-278">
        método
       </a>
       señalado en las normas IEC 60551.
       <br/>
<br/>
       El nivel máximo de ruido del transformador, en cualquiera de sus etapas de refrigeración, no debe sobrepasar el valor especificado en el Anexo 1.
       <br/>
<h3 id="heading_38">
        9.2 PRUEBAS DE LOS ACCESORIOS
       </h3>
       Si se trata de equipos de fabricación propia, el fabricante deberá realizar las pruebas que se indican a continuación para verificar las características y el correcto funcionamiento de los accesorios de cada transformador.
       <br/>
<br/>
       Si se trata de equipos adquiridos a otros proveedores, deberá presentar los protocolos de las pruebas efectuadas por el fabricante original de acuerdo a la norma que corresponda y además deberá presentar protocolos de pruebas internas de fábrica a los accesorios que se señalan más adelante.
       <br/>
<br/>
<b>
        9.2.1 Relé(s) Buchholz
       </b>
<br/>
       Prueba de
       <a class="externalLink glosarioLink use-ajax" data-dialog-type="modal" href="/taxonomy/term/78/definition" id="version-111">
        calibración
       </a>
       y de operación. El fabricante deberá entregar copias de los informes de las pruebas de todos los relés Buchholz suministrados, detallando lo correspondiente a la resistencia sísmica de éstos cuando sea aplicable.
       <br/>
<br/>
<b>
        9.2.2 Aisladores pasantes
       </b>
<br/>
       El fabricante deberá enviar copias de los protocolos de las pruebas del fabricante original y además deberá realizar a los aisladores pasantes pruebas de medida de Capacitancia, Factor de aislación, Resistencia de aislación e
       <a class="externalLink glosarioLink use-ajax" data-dialog-type="modal" href="/taxonomy/term/200/definition" id="version-235">
        inspección
       </a>
       visual a todos los aisladores antes de su instalación.
       <br/>
<br/>
<b>
        9.2.3 Transformadores de corriente
       </b>
<br/>
       El fabricante deberá entregar copias de las pruebas de rutina y tipo a los TT/CC, de acuerdo a las Normas IEC – 60044 o ANSI C57.13.
       <br/>
<br/>
       Las mediciones de relaciones de transformación y la verificación de polaridad deberán repetirse una vez que los TT/CC se hayan montado en el transformador.
       <br/>
<br/>
<b>
        9.2.4 Válvula de alivio de presión
       </b>
<br/>
       Se efectuará una prueba de
       <a class="externalLink glosarioLink use-ajax" data-dialog-type="modal" href="/taxonomy/term/78/definition" id="version-111">
        calibración
       </a>
       de la válvula de alivio de presión, y verificación de la operación correcta y segura de los contactos eléctricos respectivos.
       <br/>
<br/>
<b>
        9.2.5 Monitor de temperatura
       </b>
<br/>
       El fabricante deberá entregar un informe técnico de
       <a class="externalLink glosarioLink use-ajax" data-dialog-type="modal" href="/taxonomy/term/78/definition" id="version-111">
        calibración
       </a>
       del monitor de temperatura, antes de la prueba de calentamiento del transformador, a objeto de verificar la
       <a class="externalLink glosarioLink use-ajax" data-dialog-type="modal" href="/taxonomy/term/78/definition" id="version-111">
        calibración
       </a>
       del monitor durante el desarrollo de esta prueba. El fabricante deberá entregar, además, protocolo de la prueba tipo del
       <a class="externalLink glosarioLink use-ajax" data-dialog-type="modal" href="/taxonomy/term/156/definition" id="version-189">
        equipo
       </a>
       ofrecido.
       <br/>
<br/>
<b>
        9.2.6 Indicadores de nivel de aceite
       </b>
<br/>
       Se verificará la operación de los contactos eléctricos del indicador de nivel de aceite del transformador y del conservador.
       <br/>
<br/>
       El fabricante deberá incluir en los protocolos de ensayos finales del transformador una curva de Temperatura del aceite v/s Deflexión de la aguja del indicador de nivel (escala del 0 al 10). Esta curva debe ser grabada en metal inoxidable y ubicada junto a la placa de características del transformador.
       <br/>
<br/>
<b>
        9.2.7 Cambiador de derivaciones bajo carga
       </b>
<br/>
       Se hará una
       <a class="externalLink glosarioLink use-ajax" data-dialog-type="modal" href="/taxonomy/term/200/definition" id="version-235">
        inspección
       </a>
       cuidadosa del mecanismo y de la operación del cambiador una vez instalado en su posición definitiva. Se deberá realizar una serie de pruebas para demostrar el correcto funcionamiento de todos sus controles, dispositivos y contactos, incluyendo su aptitud para operación en paralelo cuando sea especificado.
       <br/>
<br/>
       El fabricante deberá enviar copias de las pruebas del cambiador de derivaciones suministrado.
       <br/>
<br/>
       En los protocolos de ensayos finales del transformador se deberá proporcionar las curvas "Posición del CDBC v/s Señal de salida” para los transductores de posición.
       <br/>
<br/>
<b>
        9.2.8 Ventiladores
       </b>
<br/>
       Se efectuarán pruebas de resistencia óhmica, resistencia de aislación, consumo y verificación de funcionamiento de todos los motores de los ventiladores, y de cada uno de los dispositivos de comando, control y protección del
       <a class="externalLink glosarioLink use-ajax" data-dialog-type="modal" href="/taxonomy/term/156/definition" id="version-189">
        equipo
       </a>
       de refrigeración.
       <br/>
<br/>
       Adicionalmente, durante la prueba de calentamiento del transformador se verificará que los ventiladores no sufran vibraciones excesivas.
       <br/>
<br/>
<b>
        9.2.9 Alambrado de control
       </b>
<br/>
       Se efectuará una revisión completa del alambrado de control de acuerdo a los planos esquemáticos y de alambrado aprobados.
       <br/>
<br/>
       Se aplicará la prueba de aislamiento de los circuitos de fuerza y control auxiliares, con una
       <a class="externalLink glosarioLink use-ajax" data-dialog-type="modal" href="/taxonomy/term/338/definition" id="version-377">
        tensión
       </a>
       de 2 kV r.m.s. durante un minuto (IEC 60076 – 3, cláusula 9), o su prueba equivalente de 1 segundo.
       <br/>
<br/>
<b>
        9.2.10 Aceite usado durante las pruebas
       </b>
<br/>
       El fabricante deberá tratar previamente el aceite que utilizará durante las pruebas. A este aceite se le sacarán muestras y se realizarán series completas de ensayos con el objeto de comprobar que no han ocurrido daños al transformador durante las diversas pruebas eléctricas.
       <br/>
<br/>
       Estas pruebas sobre muestras del aceite se deberán efectuar:
       <br/>
<ul>
<li>
         antes de llenar el transformador,
        </li>
<li>
         antes y después de la prueba de calentamiento, y
        </li>
<li>
         antes y después de las pruebas dieléctricas.
        </li>
</ul>
<br/>
       Las muestras del aceite serán tomadas desde la parte superior e inferior del estanque.
       <br/>
<br/>
       Los ensayos a realizar al aceite serán:
       <br/>
<ul>
<li>
         Análisis de gases
        </li>
<li>
         Contenido de humedad
        </li>
<li>
         Número de Neutralización
        </li>
<li>
<a class="externalLink glosarioLink use-ajax" data-dialog-type="modal" href="/taxonomy/term/338/definition" id="version-377">
          Tensión
         </a>
         dieléctrica de ruptura
        </li>
<li>
         Factor de Potencia
        </li>
<li>
<a class="externalLink glosarioLink use-ajax" data-dialog-type="modal" href="/taxonomy/term/338/definition" id="version-377">
          Tensión
         </a>
         interfacial
        </li>
</ul>
<br/>
       Para el análisis de gases se deberán considerar los indicados en la norma ASTM D3612 “
       <a class="externalLink glosarioLink use-ajax" data-dialog-type="modal" href="/taxonomy/term/243/definition" id="version-278">
        Método
       </a>
       de  prueba para análisis de gases disueltos en aceite aislante por cromatografía”, que son: hidrógeno (H2), oxígeno (O2), nitrógeno (N2), monóxido de carbono (CO), dióxido de carbono (CO2), metano (CH4), etano (C2H6), etileno (C2H4), acetileno (C2H2), propano (C3H8), propileno (C3H6).
       <br/>
<br/>
<b>
        9.2.11 Pruebas de los repuestos
       </b>
<br/>
       Los repuestos deben ser sometidos a las mismas pruebas que los elementos similares instalados en el transformador.
       <br/>
<br/>
<b>
        9.2.12 Pruebas de pintura
       </b>
<br/>
       Deberán efectuarse pruebas de espesor y adherencia de la pintura en
       <a class="externalLink glosarioLink use-ajax" data-dialog-type="modal" href="/taxonomy/term/106/definition" id="version-139">
        conformidad
       </a>
       con las Normas ASTM que corresponda, tanto al transformador como a las chapas testigos.
       <br/>
<br/>
<b>
        9.2.13 Medición de humedad relativa o punto de roció
       </b>
<br/>
       Esta prueba se deberá realizar al cuerpo principal del transformador lleno de nitrogeno seco, antes de embarcar. El valor obtenido se deberá consignar en la placa de características (nameplate).
       <br/>
<br/>
<b>
        9.2.14 Verificación visual y dimensional
       </b>
<br/>
       Esta verificación se realizará con los planos del fabricante.
       <br/>
<br/>
<b>
        9.2.15 Grado de polimerización del papel aislante
       </b>
<br/>
       En
       <a class="externalLink glosarioLink use-ajax" data-dialog-type="modal" href="/taxonomy/term/106/definition" id="version-139">
        conformidad
       </a>
       con la norma ABNT NBR 8148, se efectuará la prueba de grado de polimerización del papel nuevo y después del tratamiento de la parte activa, para obtener valores de referencia.
       <br/>
<h3 id="heading_39">
        9.3 PRUEBAS ELÉCTRICAS DEL TRANSFORMADOR
       </h3>
       Las pruebas eléctricas que se detallan a continuación deberán ser realizadas de preferencia en el orden indicado. Para su realización se aplicarán las Normas IEEE, IEC o ABNT-NBR, de acuerdo a lo señalado en el Anexo 1.
       <br/>
<br/>
       Si alguno de los transformadores fallare en estas pruebas, el fabricante deberá verificar, en presencia del representante del Cliente, el tipo de
       <a class="externalLink glosarioLink use-ajax" data-dialog-type="modal" href="/taxonomy/term/171/definition" id="version-204">
        falla
       </a>
       habida y determinará los trabajos necesarios para corregirla. Si la corrección es de orden mayor (ejemplo: reemplazar o modificar la
       <a class="externalLink glosarioLink use-ajax" data-dialog-type="modal" href="/taxonomy/term/69/definition" id="version-102">
        bobina
       </a>
       ), el transformador deberá tratarse como una nueva unidad repitiéndosele todos los ensayos.
       <br/>
<br/>
<b>
        9.3.1 Medición de la resistencia en frío
       </b>
<br/>
       Deberá determinarse la resistencia en frío de todas las bobinas, en todas las posiciones del cambiador de derivaciones, a la temperatura ambiente como valor de referencia.
       <br/>
<br/>
<b>
        9.3.2 Relaciones de transformación
       </b>
<br/>
       Deberán determinarse las relaciones de transformación para todas las posiciones del cambiador de derivaciones. Se recomienda usar el
       <a class="externalLink glosarioLink use-ajax" data-dialog-type="modal" href="/taxonomy/term/243/definition" id="version-278">
        método
       </a>
       de comparación.
       <br/>
<br/>
<b>
        9.3.3 Polaridad y relación de fase
       </b>
<br/>
       Estas pruebas se realizan simultáneamente con las de relaciones de transformación, en la derivación correspondiente a la
       <a class="externalLink glosarioLink use-ajax" data-dialog-type="modal" href="/taxonomy/term/345/definition" id="version-384">
        tensión nominal
       </a>
       .
       <br/>
<br/>
       Para la prueba de polaridad se recomienda el uso del
       <a class="externalLink glosarioLink use-ajax" data-dialog-type="modal" href="/taxonomy/term/243/definition" id="version-278">
        método
       </a>
       de comparación.
       <br/>
<br/>
<b>
        9.3.4 Pérdidas en vacío y corriente de excitación
       </b>
<br/>
       Deberá realizarse la Curva de Magnetización del transformador midiendo los valores de corriente, a
       <a class="externalLink glosarioLink use-ajax" data-dialog-type="modal" href="/taxonomy/term/177/definition" id="version-210">
        frecuencia
       </a>
<a class="externalLink glosarioLink use-ajax" data-dialog-type="modal" href="/taxonomy/term/259/definition" id="version-298">
        nominal
       </a>
       , y con valores de
       <a class="externalLink glosarioLink use-ajax" data-dialog-type="modal" href="/taxonomy/term/338/definition" id="version-377">
        tensión
       </a>
       90, 95, 100, 105 y 110 % de la
       <a class="externalLink glosarioLink use-ajax" data-dialog-type="modal" href="/taxonomy/term/345/definition" id="version-384">
        tensión nominal
       </a>
       , en la posición del cambiador de derivaciones que corresponda a la
       <a class="externalLink glosarioLink use-ajax" data-dialog-type="modal" href="/taxonomy/term/69/definition" id="version-102">
        bobina
       </a>
       completa. Para la medición de la corriente de excitación se usará el
       <a class="externalLink glosarioLink use-ajax" data-dialog-type="modal" href="/taxonomy/term/243/definition" id="version-278">
        método
       </a>
       del voltímetro de
       <a class="externalLink glosarioLink use-ajax" data-dialog-type="modal" href="/taxonomy/term/338/definition" id="version-377">
        tensión
       </a>
       promedio y el amperímetro de valores efectivos.
       <br/>
<br/>
       En la medición de las pérdidas en vacío se usará el
       <a class="externalLink glosarioLink use-ajax" data-dialog-type="modal" href="/taxonomy/term/243/definition" id="version-278">
        método
       </a>
       de los tres vatímetros y se corregirán las pérdidas así medidas mediante el
       <a class="externalLink glosarioLink use-ajax" data-dialog-type="modal" href="/taxonomy/term/243/definition" id="version-278">
        método
       </a>
       del voltímetro de
       <a class="externalLink glosarioLink use-ajax" data-dialog-type="modal" href="/taxonomy/term/338/definition" id="version-377">
        tensión
       </a>
       promedio, recomendado en la norma IEEE C57.12.90. Se verificará si los consumos propios de los circuitos de medida son significativos, en cuyo caso habrá que hacer las correcciones que corresponda. Esta medición se efectuará en la posición
       <a class="externalLink glosarioLink use-ajax" data-dialog-type="modal" href="/taxonomy/term/259/definition" id="version-298">
        nominal
       </a>
       .
       <br/>
<br/>
       Deberá aprovecharse esta prueba para realizar un ciclo completo de operación del CDBC, con eltransformador energizado a 100 % de la
       <a class="externalLink glosarioLink use-ajax" data-dialog-type="modal" href="/taxonomy/term/345/definition" id="version-384">
        tensión nominal
       </a>
       .
       <br/>
<br/>
       La medición de pérdidas en vacío y corriente de excitación deberá realizarse antes y después de las pruebas dieléctricas, comparándose posteriormente los valores obtenidos.
       <br/>
<br/>
       Los últimos valores se considerarán definitivos para cada transformador y serán los que se utilicen para controlar la garantía del fabricante. En consecuencia, es indispensable que toda esta serie de pruebas se realice en el mismo lugar y utilizando el mismo conjunto de instrumentos.
       <br/>
<br/>
       Durante la realización de esta prueba se deberá medir el contenido de armónicas con un instrumento que discrimine a lo menos hasta la décima primera armónica.
       <br/>
<br/>
<b>
        9.3.5 Impedancia de cortocircuito y pérdidas de carga
       </b>
<br/>
       Se usará de preferencia el
       <a class="externalLink glosarioLink use-ajax" data-dialog-type="modal" href="/taxonomy/term/243/definition" id="version-278">
        método
       </a>
       de los tres vatímetros, haciendo circular las corrientes correspondientes a las capacidades máximas en
       <a class="externalLink glosarioLink use-ajax" data-dialog-type="modal" href="/taxonomy/term/320/definition" id="version-359">
        servicio
       </a>
       permanente.
       <br/>
<br/>
       Se deberán medir estos valores en las posiciones extremas del cambiador, en la posición de
       <a class="externalLink glosarioLink use-ajax" data-dialog-type="modal" href="/taxonomy/term/345/definition" id="version-384">
        tensión nominal
       </a>
       y, si no coincide con ninguna de las anteriores, en la posición del cambiador para la cual las pérdidas calculadas son máximas. Estos últimos serán los valores que se utilizarán posteriormente en las pruebas de calentamiento y son además los garantizados por el fabricante.
       <br/>
<br/>
       Deberán detallarse todos los valores obtenidos en impedancia, reactancia y resistencia en por ciento y referidos a una temperatura 75°C (IEC).
       <br/>
<br/>
       Como temperatura real de las bobinas en cada medición se tomará el promedio de las temperaturas determinadas por medidas de resistencia de una
       <a class="externalLink glosarioLink use-ajax" data-dialog-type="modal" href="/taxonomy/term/69/definition" id="version-102">
        bobina
       </a>
       de referencia al comienzo y al final de la medición.
       <br/>
<br/>
       Se realizará un ciclo completo de operación del CDBC con ocasión de la medición de las pérdidas en
       <a class="externalLink glosarioLink use-ajax" data-dialog-type="modal" href="/taxonomy/term/80/definition" id="version-113">
        carga
       </a>
       , haciendo circular la corriente
       <a class="externalLink glosarioLink use-ajax" data-dialog-type="modal" href="/taxonomy/term/259/definition" id="version-298">
        nominal
       </a>
       en la etapa de máxima capacidad.
       <br/>
<br/>
<b>
        9.3.6 Impedancia de secuencia cero
       </b>
<br/>
       De deberá medir el valor de la impedancia de secuencia cero de acuerdo a lo establecido en las normas.
       <br/>
<br/>
       Este valor se indicará en referencia a las temperaturas y potencias base indicadas en el Anexo 1.
       <br/>
<br/>
<b>
        9.3.7 Pruebas de elevación de temperatura (calentamiento)
       </b>
<br/>
       Las pruebas de calentamiento deberán preceder a las pruebas dieléctricas.
       <br/>
<br/>
       En caso que el suministro sea por más de una unidad de un mismo tipo, la prueba se realizará a una sola unidad para lo cual se debe escoger la de mayores pérdidas.
       <br/>
<br/>
       Se deberán realizar pruebas de calentamiento para todas las capacidades en
       <a class="externalLink glosarioLink use-ajax" data-dialog-type="modal" href="/taxonomy/term/320/definition" id="version-359">
        servicio
       </a>
       permanente (ONAN/ONAF 1/ONAF 2), verificando en cada prueba la elevación de temperatura de las bobinas; estas pruebas deberán hacerse para la derivación en la cual las pérdidas totales son máximas.
       <br/>
<br/>
       En caso haber dificultad para estabilizar la temperatura del aceite, se podrá hacer uso de las sugerencias indicadas en la norma IEC 60076-2.
       <br/>
<br/>
       Las pruebas de calentamiento se harán mediante el
       <a class="externalLink glosarioLink use-ajax" data-dialog-type="modal" href="/taxonomy/term/243/definition" id="version-278">
        método
       </a>
       de
       <a class="externalLink glosarioLink use-ajax" data-dialog-type="modal" href="/taxonomy/term/119/definition" id="version-152">
        cortocircuito
       </a>
       , con el CDBC en la posición de mayores pérdidas. Durante esta prueba el relé Buchholz deberá tener conectada una lámpara de
       <a class="externalLink glosarioLink use-ajax" data-dialog-type="modal" href="/taxonomy/term/319/definition" id="version-358">
        señalización
       </a>
       en sus contactos de alarma.
       <br/>
<br/>
       En cuanto a los niveles de
       <a class="externalLink glosarioLink use-ajax" data-dialog-type="modal" href="/taxonomy/term/332/definition" id="version-371">
        sobrecarga
       </a>
       admisibles, el fabricante deberá garantizarlos explícitamente por escrito.
       <br/>
<br/>
       Las temperaturas durante las pruebas deberán registrarse con termómetro de alcohol o termocuplas, y en ningún caso con los termómetros indicadores de temperatura del transformador.
       <br/>
<br/>
       Con ocasión de las pruebas de calentamiento, el fabricante deberá realizar las siguientes pruebas de verificación.
       <br/>
<ul>
<li>
<a class="externalLink glosarioLink use-ajax" data-dialog-type="modal" href="/taxonomy/term/78/definition" id="version-111">
          Calibración
         </a>
         del monitor de temperatura de las bobinas y del aceite. Para el indicador de las bobinas deberá hacerse una
         <a class="externalLink glosarioLink use-ajax" data-dialog-type="modal" href="/taxonomy/term/78/definition" id="version-111">
          calibración
         </a>
         basada en la determinación de la temperatura media de las bobinas en el momento del corte, debiendo incluirse en el informe de pruebas todos los datos usados para esta
         <a class="externalLink glosarioLink use-ajax" data-dialog-type="modal" href="/taxonomy/term/78/definition" id="version-111">
          calibración
         </a>
         .
        </li>
<li>
<a class="externalLink glosarioLink use-ajax" data-dialog-type="modal" href="/taxonomy/term/78/definition" id="version-111">
          Calibración
         </a>
         del indicador de nivel de aceite mediante un dispositivo adicional para controlar el nivel real del aceite dentro del estanque. Con esta información, el fabricante procederá a construir o verificar la curva temperatura versus nivel del aceite del transformador.
        </li>
<li>
         Verificación de vibraciones o ruidos excesivos en el estanque y accesorios.
        </li>
<li>
         Verificación, mediante cámara infrarroja, de calentamientos anormales en algún sector del estanque, radiadores y motores de los ventiladores.
        </li>
</ul>
<br/>
<b>
        9.3.8 Pruebas dieléctricas
       </b>
<br/>
<b>
        9.3.8.1. Medición del factor de potencia de la aislación y resistencia de la aislación.
       </b>
<br/>
       Estas pruebas se efectuarán antes y después de las pruebas dieléctricas del transformador.
       <br/>
<br/>
<b>
        9.3.8.2. Levantamiento curva pC v/s kV.
       </b>
<br/>
       En forma previa al resto de las pruebas dieléctricas deberá realizarse el levantamiento de la curva de pC  v/s kV hasta el valor de 165 % de Vn.
       <br/>
<br/>
<b>
        9.3.8.3. Pruebas de impulso atmosférico
       </b>
<br/>
       En los terminales de
       <a class="externalLink glosarioLink use-ajax" data-dialog-type="modal" href="/taxonomy/term/255/definition" id="version-290">
        neutro
       </a>
       se realizará la siguiente serie de pruebas:
       <br/>
<ul>
<li>
         una onda completa reducida
        </li>
<li>
         dos ondas completas
        </li>
<li>
         una onda completa reducida
        </li>
</ul>
<br/>
       Estas pruebas se harán antes que las de los terminales de línea.
       <br/>
<br/>
       En los terminales de línea, primarios y secundarios, se realizará una serie de pruebas la cual tendrá la secuencia siguiente: (IEC - 60076-3, párrafo 13.3):
       <br/>
<ul>
<li>
         Una onda completa reducida
        </li>
<li>
         Una onda completa
        </li>
<li>
         Una o más ondas recortadas reducidas
        </li>
<li>
         Dos ondas recortadas
        </li>
<li>
         Dos ondas completas
        </li>
</ul>
<ul>
<li>
         9.3.8.4. Prueba de impulso de maniobra*
        </li>
</ul>
       Se debe efectuar la serie completa de pruebas de impulso de
       <a class="externalLink glosarioLink use-ajax" data-dialog-type="modal" href="/taxonomy/term/235/definition" id="version-270">
        maniobra
       </a>
       de acuerdo con la norma IEC 60076-3 a los terminales de línea y de
       <a class="externalLink glosarioLink use-ajax" data-dialog-type="modal" href="/taxonomy/term/255/definition" id="version-290">
        neutro
       </a>
       . La secuencia será un impulso entre el 50% y el 75% del valor pleno y tres impulsos a plena
       <a class="externalLink glosarioLink use-ajax" data-dialog-type="modal" href="/taxonomy/term/338/definition" id="version-377">
        tensión
       </a>
       .
       <br/>
<ul>
<li>
         9.3.8.5. Medición de Radio interferencia (RIV)*
        </li>
</ul>
<ul>
<li>
         9.3.8.6. Pruebas de Tensión Aplicada.*
        </li>
</ul>
       Estas pruebas se harán según las normas que corresponda.
       <br/>
<ul>
<li>
         9.3.8.7. Pruebas de Tensión Inducida y medición de Descargas Parciales.*
        </li>
</ul>
       Durante esta prueba el
       <a class="externalLink glosarioLink use-ajax" data-dialog-type="modal" href="/taxonomy/term/255/definition" id="version-290">
        neutro
       </a>
       del transformador deberá estar conectado directamente a
       <a class="externalLink glosarioLink use-ajax" data-dialog-type="modal" href="/taxonomy/term/348/definition" id="version-387">
        tierra
       </a>
       (sin impedancia de medida en este terminal).
       <br/>
<br/>
       La amplitud de las descargas parciales se medirán en la impedancia de medida acoplada a las derivaciones capacitivas de cada
       <a class="externalLink glosarioLink use-ajax" data-dialog-type="modal" href="/taxonomy/term/45/definition" id="version-78">
        aislador
       </a>
       pasante de
       <a class="externalLink glosarioLink use-ajax" data-dialog-type="modal" href="/taxonomy/term/55/definition" id="version-88">
        alta tensión
       </a>
       .
       <br/>
<br/>
       Si la
       <a class="externalLink glosarioLink use-ajax" data-dialog-type="modal" href="/taxonomy/term/203/definition" id="version-238">
        intensidad
       </a>
       de las descargas parciales excede temporalmente el límite garantizado y vuelve a un valor no superior al mismo, el
       <a class="externalLink glosarioLink use-ajax" data-dialog-type="modal" href="/taxonomy/term/155/definition" id="version-188">
        ensayo
       </a>
       debe continuar por una hora más a partir del momento de retorno. El transformador será considerado aprobado si en este nuevo intervalo de tiempo satisface las condiciones establecidas.
       <br/>
<br/>
       Las medidas de descargas parciales serán efectuadas con instrumentos de banda ancha. Si esto no es posible se podrán utilizar instrumentos sintonizados entre 100 y 300 kHz.
       <br/>
<br/>
       Estos instrumentos estarán en función de la amplitud del pulso máximo.
       <br/>
<br/>
       Adicionalmente, se usará un osciloscopio para discriminar entre los diferentes tipos de descargas parciales y las que serán medidas.
       <br/>
<br/>
       Si no es posible medir la descarga parcial con un instrumento de deflexión, la magnitud de ella será obtenida desde el osciloscopio, previamente calibrado. La
       <a class="externalLink glosarioLink use-ajax" data-dialog-type="modal" href="/taxonomy/term/78/definition" id="version-111">
        calibración
       </a>
       deberá efectuarse con un
       <a class="externalLink glosarioLink use-ajax" data-dialog-type="modal" href="/taxonomy/term/189/definition" id="version-223">
        generador
       </a>
       de
       <a class="externalLink glosarioLink use-ajax" data-dialog-type="modal" href="/taxonomy/term/80/definition" id="version-113">
        carga
       </a>
       aparente estándar, efectuando un perfil de
       <a class="externalLink glosarioLink use-ajax" data-dialog-type="modal" href="/taxonomy/term/78/definition" id="version-111">
        calibración
       </a>
       simulando la distinta ubicación que pueda tener una descarga parcial.
       <br/>
<br/>
       La medición de DP será efectuada acoplando el circuito de medida al tap capacitivo de los aisladores pasantes. Se tendrá sumo cuidado en asegurar un acoplamiento eficiente entre el enrollado en prueba y el medidor, de modo de obtener la máxima sensibilidad de las DP a medir y obtener la atenuación mínima posible en el circuito de acoplamiento.
       <br/>
<br/>
       La prueba deberá efectuarse en un medio ambiente libre de DP, o en su defecto hasta 10 pC.
       <br/>
<br/>
       La prueba se considerará satisfactoria si el nivel de DP alcanzado es menor al garantizado y cumple lo señalado en la norma IEEE C57.12.90.
       <br/>
<h3 id="heading_40">
        9.2 TOLERANCIAS
       </h3>
       Las tolerancias en la razón de transformación, en los valores de impedancia y en los valores de pérdidas serán los indicados en las normas solicitadas.
       <br/>
<br/>
       Las tolerancias en la corriente de excitación, serán las mismas señaladas para las pérdidas en vacío.
       <br/>
<br/>
       Los excesos sobre las pérdidas garantizadas, serán penalizadas, independientemente de que estén dentro de las tolerancias señaladas por las normas. La penalización será aplicada individualmente a cada transformador, y no se compensará una unidad con otra.
       <br/>
<br/>
       En caso que el transformador no pase una determinada prueba, el fabricante debe proporcionar un informe detallando los defectos encontrados y las correcciones efectuadas, antes de repetirla.
       <br/>
<br/>
       En caso que alguna de las mediciones en fábrica de relaciones de transformación, de impedancias, y/o pérdidas garantizadas, arroje un valor que esté fuera de las tolerancias especificadas, el Cliente se reserva el derecho de rechazar la unidad afectada.
       <br/>
<h2 id="heading_41">
        10. EMBALAJE Y TRANSPORTE
       </h2>
       Cada transformador y sus accesorios deberán ser embalados en condiciones adecuadas para transporte marítimo y terrestre, preparando el embalaje especialmente para evitar daños por golpes,
       <a class="externalLink glosarioLink use-ajax" data-dialog-type="modal" href="/taxonomy/term/118/definition" id="version-151">
        corrosión
       </a>
       , absorción de humedad y robos.
       <br/>
<br/>
       Los aisladores pasantes, radiadores y otros elementos desmontables deberán embalarse separadamente del cuerpo principal del transformador, debiendo indicarse detalladamente el contenido de cada bulto y su peso.
       <br/>
<br/>
       El embalaje de los accesorios delicados deberá prepararse especialmente para transporte y manipulación poco cuidadosa y deberá tener indicaciones claras respecto a la fragilidad de su contenido.
       <br/>
<br/>
       Una vez desarmado el transformador, deberá identificarse cada uno de los accesorios con el N° de serie del transformador, con la finalidad de facilitar las labores posteriores de montaje.
       <br/>
<br/>
       Cada uno de los bultos deberá incluir facilidades para levantarlos mediante estrobos.
       <br/>
<br/>
       Todos los bultos deberán tener los necesarios detalles de identificación y marcas para transporte y manipulación en forma clara e indeleble.
       <br/>
<br/>
       Cada transformador deberá ser despachado para transporte en posición vertical, lleno con gas nitrógeno a una presión señalada por el fabricante a 25º C. El fabricante deberá instalar en los transformadores un dispositivo automático que permita controlar y mantener constante la presión del gas durante el transporte.
       <br/>
<br/>
       También deberá ser instalada una interconexión entre el estanque del transformador y el del CDBC, para mantener iguales las presiones internas durante el transporte.
       <br/>
<br/>
       Deberán bloquearse todos los elementos que puedan dejar escapar el gas para evitar retiros o aperturas deliberadas. El embalaje del estanque deberá tener un acceso claramente señalado para controlar la presión del gas en el
       <a class="externalLink glosarioLink use-ajax" data-dialog-type="modal" href="/taxonomy/term/302/definition" id="version-341">
        puerto
       </a>
       de arribo.
       <br/>
<br/>
       Si en el
       <a class="externalLink glosarioLink use-ajax" data-dialog-type="modal" href="/taxonomy/term/302/definition" id="version-341">
        puerto
       </a>
       de arribo o en el sitio de instalación se detecta que la presión del gas es insuficiente y le ha entrado humedad al
       <a class="externalLink glosarioLink use-ajax" data-dialog-type="modal" href="/taxonomy/term/156/definition" id="version-189">
        equipo
       </a>
       , el fabricante deberá pagar los costos que signifique el proceso de secado a que deba someterse.
       <br/>
<br/>
       El transformador deberá ser transportado con un registrador de impactos de tres vías adosado al estanque, adecuadamente protegido, el cual será devuelto posteriormente al fabricante.
       <br/>
<h2 id="heading_42">
        11. INFORMACIÓN TÉCNICA
       </h2>
<h3 id="heading_43">
        11.1 UNIDADES DE MEDIDA E IDIOMAS
       </h3>
       Todos los documentos relacionados con la propuesta, tales como planos, placas de características, descripciones técnicas, especificaciones, deberán usar las unidades de medida del
       <a class="externalLink glosarioLink use-ajax" data-dialog-type="modal" href="/taxonomy/term/324/definition" id="version-363">
        sistema
       </a>
       métrico decimal.
       <br/>
<br/>
       El idioma a utilizar en todos esos documentos será el español. En forma excepcional se aceptarán catálogos o planos de referencia en inglés.
       <br/>
<h3 id="heading_44">
        11.2 INFORMACIÓN PARA LA PROPUESTA
       </h3>
       Cada proponente deberá incluir en su oferta la siguiente información:
       <br/>
<ul>
<li>
         Planilla de Características Técnicas Garantizadas.
        </li>
<li>
         Manual de garantía de
         <a class="externalLink glosarioLink use-ajax" data-dialog-type="modal" href="/taxonomy/term/79/definition" id="version-112">
          calidad
         </a>
         .
        </li>
<li>
         Un plano del transformador indicando sus dimensiones principales, su peso y ubicación de los accesorios.
        </li>
<li>
         Una lista de los accesorios a incluir, proporcionando sus características técnicas principales y folletos descriptivos.
        </li>
<li>
         Una reseña explicativa de los dispositivos de protección, del
         <a class="externalLink glosarioLink use-ajax" data-dialog-type="modal" href="/taxonomy/term/324/definition" id="version-363">
          sistema
         </a>
         de preservación del aceite, del
         <a class="externalLink glosarioLink use-ajax" data-dialog-type="modal" href="/taxonomy/term/324/definition" id="version-363">
          sistema
         </a>
         de refrigeración y del cambiador de derivaciones. Esta reseña deberá acompañarse de folletos descriptivos de los dispositivos principales que incluirá el suministro.
        </li>
<li>
         Una reseña explicativa de los aspectos constructivos esenciales, incluyendo una descripción de los materiales a emplear.
        </li>
<li>
         Una reseña explicativa del proceso de secado del transformador.
        </li>
<li>
         Una descripción de las medidas a considerarse en el diseño para resistir la
         <a class="externalLink glosarioLink use-ajax" data-dialog-type="modal" href="/taxonomy/term/118/definition" id="version-151">
          corrosión
         </a>
         en el ambiente especificado.
        </li>
<li>
         Un juego de folletos descriptivos de los aisladores pasantes, identificando claramente los modelos ofrecidos y sus características eléctricas.
        </li>
<li>
         Una lista de los repuestos recomendados, tanto para el transformador como para los equipos adicionales, en base a considerar un stock para 5 años, indicando el precio de cada ítem.
        </li>
<li>
         Una lista de herramientas especiales recomendadas para el montaje y el
         <a class="externalLink glosarioLink use-ajax" data-dialog-type="modal" href="/taxonomy/term/236/definition" id="version-271">
          mantenimiento
         </a>
         del transformador.
        </li>
<li>
         Una reseña descriptiva del laboratorio en que se realizan las pruebas tipo, acompañada de una copia certificada de estas pruebas realizadas en transformadores de potencia similares al ofrecido.
        </li>
<li>
         Programa preliminar de Fabricación e
         <a class="externalLink glosarioLink use-ajax" data-dialog-type="modal" href="/taxonomy/term/200/definition" id="version-235">
          Inspección
         </a>
         .
        </li>
<li>
         Una lista de referencia de las instalaciones del mismo tipo del transformador de potencia ofrecido o mayor, indicando el año de suministro. El Cliente se reserva el derecho de rechazar cualquier oferta si la referencia mostrada en esta lista, no es considerada suficiente para garantizar una adecuada experiencia del licitante en el tipo de
         <a class="externalLink glosarioLink use-ajax" data-dialog-type="modal" href="/taxonomy/term/156/definition" id="version-189">
          equipo
         </a>
         aquí solicitado.
        </li>
<li>
         Alcance de la asesoría de montaje y puesta en
         <a class="externalLink glosarioLink use-ajax" data-dialog-type="modal" href="/taxonomy/term/320/definition" id="version-359">
          servicio
         </a>
         .
        </li>
<li>
         Cualquier otra información que el fabricante estime pertinente.
        </li>
</ul>
<br/>
<b>
        El proponente debe indicar claramente en su propuesta todos los puntos que presenten diferencias con respecto a esta Especificación.
       </b>
<br/>
<h3 id="heading_45">
        11.3 INFORMACIÓN PARA APROBACIÓN DEL CLIENTE
       </h3>
       En un plazo máximo de 45 días calendario el fabricante deberá entregar para la aprobación del Cliente tres copias en papel y un archivo magnético con la siguiente información:
       <br/>
<ul>
<li>
         Programa definitivo de fabricación e
         <a class="externalLink glosarioLink use-ajax" data-dialog-type="modal" href="/taxonomy/term/200/definition" id="version-235">
          inspección
         </a>
         .
        </li>
<li>
         Plano de disposición general del transformador con sus accesorios y lista de materiales.
        </li>
<li>
<a class="externalLink glosarioLink use-ajax" data-dialog-type="modal" href="/taxonomy/term/324/definition" id="version-363">
          Sistema
         </a>
         de anclaje a la fundación.
        </li>
<li>
         Disposición del cambiador de derivaciones bajo
         <a class="externalLink glosarioLink use-ajax" data-dialog-type="modal" href="/taxonomy/term/80/definition" id="version-113">
          carga
         </a>
         .
        </li>
<li>
         Disposición y detalles de los aisladores pasantes, soportes de los pararrayos (cuando corresponda) y los conectores terminales.
        </li>
<li>
         Memoria de cálculo (cuando corresponda) que confirmen el cumplimiento de las condiciones sísmicas, tanto del transformador como de sus accesorios (soportes pararrayos, aisladores pasantes, relé Buchholz, etc.).
        </li>
<li>
         Memorias de cálculo del dimensionamiento, esfuerzos mecánicos, niveles de
         <a class="externalLink glosarioLink use-ajax" data-dialog-type="modal" href="/taxonomy/term/119/definition" id="version-152">
          cortocircuito
         </a>
         , elevación de temperatura y otras que permitan verificar el diseño.
        </li>
<li>
         Diagramas funcionales de control.
        </li>
<li>
         Placa de características, en español.
        </li>
<li>
         Placa de características diagrama de control.
        </li>
<li>
         Catálogos de los accesorios e instrumentos utilizados.
        </li>
<li>
         Posteriormente, el fabricante deberá enviar para aprobación la siguiente información:
        </li>
<li>
         Planos de transporte del transformador y sus accesorios.
        </li>
<li>
         Curvas características de los transformadores de corriente.
        </li>
<li>
         Diagramas de conexiones de los transformadores de corriente.
        </li>
<li>
         Diagrama de canalizaciones de cables desde los dispositivos y/o accesorios hasta el gabinete de  control.
        </li>
<li>
         Diagramas de alambrado.
        </li>
</ul>
<br/>
<b>
        Todo el proceso de aprobación de planos y documentos técnicos deberá estar terminado en un plazo máximo de 75 días calendario, y cualquier retraso eventual en alguna de sus actividades no deberá afectar en modo alguno el plazo final de entrega del equipo.
       </b>
<br/>
<h3 id="heading_46">
        11.4 DISEÑOS APROBADOS Y MANUALES DE MONTAJE, OPERACIÓN Y MANTENIMIENTO
       </h3>
       A más tardar 30 días después de la etapa de aprobación de planos, el fabricante deberá enviar al Cliente la siguiente información:
       <br/>
<br/>
<b>
        11.4.1. Diseños aprobados
       </b>
<br/>
       El fabricante enviará una copia en papel (y los archivos magnéticos asociados) con todos los planos aprobados por el Cliente, incluyendo las respectivas modificaciones solicitadas.
       <br/>
<br/>
<b>
        11.4.2. Instrucciones de montaje
       </b>
<br/>
       Las instrucciones de montaje deberán incluir todos los elementos que son incorporados al transformador, indicando con detalles la forma de trasladarlo, izarlo y la secuencia de las distintas actividades. En especial, deberá incluirse el proceso de llenado de aceite, la instalación de aisladores pasantes y la forma de anclarlo.
       <br/>
<br/>
<b>
        11.4.3. Instrucciones de operación y mantenimiento
       </b>
<br/>
       El suministro del
       <a class="externalLink glosarioLink use-ajax" data-dialog-type="modal" href="/taxonomy/term/156/definition" id="version-189">
        equipo
       </a>
       incluye la entrega por parte del fabricante de las instrucciones de operación del transformador y de todos los equipos adicionales incluidos, tales como los instrumentos, las protecciones, los ventiladores, el cambiador de derivaciones bajo
       <a class="externalLink glosarioLink use-ajax" data-dialog-type="modal" href="/taxonomy/term/80/definition" id="version-113">
        carga
       </a>
       , el regulador de
       <a class="externalLink glosarioLink use-ajax" data-dialog-type="modal" href="/taxonomy/term/338/definition" id="version-377">
        tensión
       </a>
       , etc.
       <br/>
<br/>
       Asimismo, el fabricante deberá entregar las instrucciones de
       <a class="externalLink glosarioLink use-ajax" data-dialog-type="modal" href="/taxonomy/term/236/definition" id="version-271">
        mantenimiento
       </a>
       programado y correctivo del transformador y equipos adicionales.
       <br/>
<br/>
       De los manuales con instrucciones de montaje, operación y
       <a class="externalLink glosarioLink use-ajax" data-dialog-type="modal" href="/taxonomy/term/236/definition" id="version-271">
        mantenimiento
       </a>
       , el fabricante deberá entregar como mínimo cinco copias en papel.
       <br/>
<h3 id="heading_47">
        11.5 INFORMACIÓN PREVIA A LAS PRUEBAS EN FÁBRICA
       </h3>
       A más tardar un mes antes de la fecha de inicio de las pruebas en fábrica, el fabricante deberá enviar el programa detallado de las actividades de
       <a class="externalLink glosarioLink use-ajax" data-dialog-type="modal" href="/taxonomy/term/200/definition" id="version-235">
        inspección
       </a>
       y pruebas en fábrica.
       <br/>
<br/>
       El Cliente revisará el programa presentado manifestando su aprobación con o sin observaciones.
       <br/>
<h3 id="heading_48">
        11.6 INFORMACIÓN FINAL CERTIFICADA
       </h3>
       Treinta días después de las pruebas finales el fabricante deberá entregar la siguiente información
       <a class="externalLink glosarioLink use-ajax" data-dialog-type="modal" href="/taxonomy/term/337/definition" id="version-376">
        técnica
       </a>
       certificada, en español:
       <br/>
<br/>
<b>
        11.6.1 Planos, fotografías y video
       </b>
<ul>
<li>
         Planos del transformador tal como quedó construido (“as built”), en cuanto a disposición general y dimensiones del
         <a class="externalLink glosarioLink use-ajax" data-dialog-type="modal" href="/taxonomy/term/156/definition" id="version-189">
          equipo
         </a>
         mismo y todos sus componentes, diagramas esquemáticos y de alambrado.
        </li>
<li>
         Dos copias de fotografías, en tamaño mínimo de 20 x 25 cm, que muestren el transformador armado, visto desde arriba y desde sus cuatro costados.
        </li>
<li>
         Video que muestre las actividades de fabricación y armado del transformador.
        </li>
</ul>
<br/>
<b>
        11.6.2 Informe de pruebas en fábrica
       </b>
<br/>
       Informe completo de las pruebas a que fue sometido cada transformador y sus accesorios. Este informe será analizado por el Cliente, comunicándose la aprobación oficial a través de sus representantes.
       <br/>
<br/>
       De los planos y documentos del transformador, deberán entregarse cinco copias en papel y un CD con los archivos magnéticos. Los archivos magnéticos de los planos deben estar hechos con AUTOCAD. No se aceptarán imágenes “raster”.
       <br/>
<h3 id="heading_49">
        11.7 RESPONSABILIDAD DEL FABRICANTE
       </h3>
       La aprobación de cualquier diseño por parte del Cliente no exime al fabricante de su plena responsabilidad en cuanto al proyecto y funcionamiento correcto del
       <a class="externalLink glosarioLink use-ajax" data-dialog-type="modal" href="/taxonomy/term/156/definition" id="version-189">
        equipo
       </a>
       suministrado.
       <br/>
<h2 id="heading_50">
        12 PÉRDIDAS GARANTIZADAS
       </h2>
       El proponente deberá garantizar en su oferta los valores de las pérdidas máximas en vacío, las pérdidas máximas en
       <a class="externalLink glosarioLink use-ajax" data-dialog-type="modal" href="/taxonomy/term/80/definition" id="version-113">
        carga
       </a>
       , las pérdidas máximas totales, las pérdidas máximas reactivas y la corriente máxima de excitación.
       <br/>
<br/>
       Las pérdidas en vacío, las pérdidas reactivas y la corriente de excitación, se garantizarán a
       <a class="externalLink glosarioLink use-ajax" data-dialog-type="modal" href="/taxonomy/term/177/definition" id="version-210">
        frecuencia
       </a>
<a class="externalLink glosarioLink use-ajax" data-dialog-type="modal" href="/taxonomy/term/259/definition" id="version-298">
        nominal
       </a>
       , derivación
       <a class="externalLink glosarioLink use-ajax" data-dialog-type="modal" href="/taxonomy/term/259/definition" id="version-298">
        nominal
       </a>
       y
       <a class="externalLink glosarioLink use-ajax" data-dialog-type="modal" href="/taxonomy/term/345/definition" id="version-384">
        tensión nominal
       </a>
       .
       <br/>
<br/>
       Las pérdidas en
       <a class="externalLink glosarioLink use-ajax" data-dialog-type="modal" href="/taxonomy/term/80/definition" id="version-113">
        carga
       </a>
       se garantizarán y medirán a
       <a class="externalLink glosarioLink use-ajax" data-dialog-type="modal" href="/taxonomy/term/177/definition" id="version-210">
        frecuencia
       </a>
<a class="externalLink glosarioLink use-ajax" data-dialog-type="modal" href="/taxonomy/term/259/definition" id="version-298">
        nominal
       </a>
       , en la derivación
       <a class="externalLink glosarioLink use-ajax" data-dialog-type="modal" href="/taxonomy/term/259/definition" id="version-298">
        nominal
       </a>
       y en la derivación correspondiente a las máximas pérdidas, para todas las capacidades en
       <a class="externalLink glosarioLink use-ajax" data-dialog-type="modal" href="/taxonomy/term/320/definition" id="version-359">
        servicio
       </a>
       permanente, OA (ONAN), FA-1 (ONAF-1) y FA-2 (ONAF-2), y a la temperatura de referencia indicada en el Anexo 1.
       <br/>
<br/>
       Para las pérdidas en vacío y reactivas, los valores garantizados se verificarán en la derivación correspondiente a la
       <a class="externalLink glosarioLink use-ajax" data-dialog-type="modal" href="/taxonomy/term/345/definition" id="version-384">
        tensión nominal
       </a>
       , después de realizadas las pruebas dieléctricas.
       <br/>
<br/>
       Para las pérdidas en
       <a class="externalLink glosarioLink use-ajax" data-dialog-type="modal" href="/taxonomy/term/80/definition" id="version-113">
        carga
       </a>
       y totales, los valores garantizados se verificarán en la derivación correspondiente a la
       <a class="externalLink glosarioLink use-ajax" data-dialog-type="modal" href="/taxonomy/term/338/definition" id="version-377">
        tensión
       </a>
       de máximas pérdidas, después de realizadas las pruebas dieléctricas, para todas las capacidades en
       <a class="externalLink glosarioLink use-ajax" data-dialog-type="modal" href="/taxonomy/term/320/definition" id="version-359">
        servicio
       </a>
       permanente, OA (ONAN), FA-1 (ONAF-1) y FA-2 (ONAF-2).
       <br/>
<br/>
       Para la evaluación de las ofertas, las pérdidas en vacío y las pérdidas reactivas serán valorizadas en la derivación
       <a class="externalLink glosarioLink use-ajax" data-dialog-type="modal" href="/taxonomy/term/259/definition" id="version-298">
        nominal
       </a>
       . Y las pérdidas en
       <a class="externalLink glosarioLink use-ajax" data-dialog-type="modal" href="/taxonomy/term/80/definition" id="version-113">
        carga
       </a>
       serán valorizadas en la derivación
       <a class="externalLink glosarioLink use-ajax" data-dialog-type="modal" href="/taxonomy/term/259/definition" id="version-298">
        nominal
       </a>
       , y en condición de ventilación forzada (ONAF 2).
       <br/>
<br/>
       En el Anexo 1 se incluye la valorización actualizada de las pérdidas garantizadas.
       <br/>
<br/>
       Con los resultados de las pruebas de recepción, los excesos detectados sobre las pérdidas garantizadas por el proponente serán penalizados de acuerdo a lo indicado en el Anexo 1.
       <br/>
<br/>
       La penalización de pérdidas se aplicará independientemente sobre las pérdidas en vacío, pérdidas en
       <a class="externalLink glosarioLink use-ajax" data-dialog-type="modal" href="/taxonomy/term/80/definition" id="version-113">
        carga
       </a>
       y pérdidas reactivas.
       <br/>
<h2 id="heading_51">
        13 GARANTÍAS
       </h2>
       El
       <a class="externalLink glosarioLink use-ajax" data-dialog-type="modal" href="/taxonomy/term/156/definition" id="version-189">
        equipo
       </a>
       , así como sus componentes y accesorios, deben ser cubiertos por una garantía respecto a cualquier defecto de fabricación, por un plazo de 30 meses a contar desde la fecha de entrega de toda la partida, o de 24 meses a contar desde la fecha de puesta en
       <a class="externalLink glosarioLink use-ajax" data-dialog-type="modal" href="/taxonomy/term/320/definition" id="version-359">
        servicio
       </a>
       , prevaleciendo la condición que primero se cumpla.
       <br/>
<br/>
       Si durante el período de garantía determinadas piezas presentaran desgaste excesivo o defectos frecuentes, el Cliente podrá exigir el reemplazo de esas piezas en todas las unidades del suministro, sin costo para él.
       <br/>
<br/>
       A las piezas de reemplazo se les aplicará nuevamente el plazo de garantía.
       <br/>
<h2 id="heading_52">
        14 SUPERVISIÓN DE MONTAJE Y PRUEBAS DE CAMPO
       </h2>
       Deberán practicarse las pruebas de campo a cada transformador, independientemente de las pruebas efectuadas en fábrica, con el objetivo de demostrar el cumplimiento de las especificaciones una vez que está completamente armado el transformador y antes de la energización.
       <br/>
<br/>
<b>
        ANEXO 1. TABLA DE CARACTERÍSTICAS TÉCNICAS GARANTIZADAS
       </b>
<br/>
<div style="width:900px;">
<table>
<tr>
<td colspan="1" rowspan="1" style="width:60px;height:30px;text-align:center">
<b>
            ITEM
           </b>
</td>
<td colspan="1" rowspan="1" style="width:470px;text-align:center">
<b>
            DESCRIPCIÓN
           </b>
</td>
<td colspan="1" rowspan="1" style="width:150px;text-align:center">
<b>
            UNIDAD
           </b>
</td>
<td colspan="1" rowspan="1" style="width:220px;text-align:center">
<b>
            SOLICITADO
           </b>
</td>
</tr>
<tr>
<td colspan="1" rowspan="1" style="height:30px;">
           1
          </td>
<td colspan="1" rowspan="1" style="">
           Fabricante
          </td>
<td colspan="1" rowspan="1" style="">
</td>
<td colspan="1" rowspan="1" style="">
</td>
</tr>
<tr>
<td colspan="1" rowspan="1" style="height:22px;">
           2
          </td>
<td colspan="1" rowspan="1" style="">
           Normas de fabricación y pruebas
          </td>
<td colspan="1" rowspan="1" style="">
</td>
<td colspan="1" rowspan="1" style="">
<b>
            IEC 60076 y sus relacionadas
           </b>
</td>
</tr>
<tr>
<td colspan="1" rowspan="1" style="height:22px;">
           3
          </td>
<td colspan="1" rowspan="1" style="">
           Sistema de calidad
          </td>
<td colspan="1" rowspan="1" style="">
</td>
<td colspan="1" rowspan="1" style="">
<b>
            ISO 9001 (2000)
           </b>
</td>
</tr>
<tr>
<td colspan="1" rowspan="2" style="height:21px;">
           4
          </td>
<td colspan="1" rowspan="1" style="">
           Condiciones de servicio
          </td>
<td colspan="1" rowspan="1" style="">
</td>
<td colspan="1" rowspan="1" style="">
</td>
</tr>
<tr>
<td colspan="1" rowspan="1" style="height:21px;">
<b>
            Conocimiento condiciones eléctricas y ambientales del sistema
           </b>
</td>
<td colspan="1" rowspan="1" style="">
</td>
<td colspan="1" rowspan="1" style="">
<b>
            Sí
           </b>
</td>
</tr>
<tr>
<td colspan="1" rowspan="1" style="height:21px;">
           5
          </td>
<td colspan="1" rowspan="1" style="">
           Características nominales y constructivas
          </td>
<td colspan="1" rowspan="1" style="">
</td>
<td colspan="1" rowspan="1" style="">
</td>
</tr>
<tr>
<td colspan="1" rowspan="1" style="height:21px;">
           5.1
          </td>
<td colspan="1" rowspan="1" style="">
           Características nominales
          </td>
<td colspan="1" rowspan="1" style="">
</td>
<td colspan="1" rowspan="1" style="">
</td>
</tr>
<tr>
<td colspan="1" rowspan="1" style="height:21px;">
           5.1.1
          </td>
<td colspan="1" rowspan="1" style="">
           Clase de aislamiento
          </td>
<td colspan="1" rowspan="1" style="">
</td>
<td colspan="1" rowspan="1" style="">
</td>
</tr>
<tr>
<td colspan="1" rowspan="3" style="height:21px;">
</td>
<td colspan="1" rowspan="1" style="">
<b>
<i>
             Primario
            </i>
</b>
</td>
<td colspan="1" rowspan="1" style="">
<b>
            (gradual o plena)
           </b>
</td>
<td colspan="1" rowspan="1" style="">
<b>
            Gradual
           </b>
</td>
</tr>
<tr>
<td colspan="1" rowspan="1" style="height:21px;">
<b>
<i>
             Secundario
            </i>
</b>
</td>
<td colspan="1" rowspan="1" style="">
</td>
<td colspan="1" rowspan="1" style="">
<b>
            Gradual
           </b>
</td>
</tr>
<tr>
<td colspan="1" rowspan="1" style="height:22px;">
<b>
<i>
             Terciario
            </i>
</b>
</td>
<td colspan="1" rowspan="1" style="">
</td>
<td colspan="1" rowspan="1" style="">
<b>
            Plena
           </b>
</td>
</tr>
<tr>
<td colspan="1" rowspan="8" style="height:21px;">
           5.1.2 a
          </td>
<td colspan="1" rowspan="1" style="">
           Relación nominal (Opción 1)
          </td>
<td colspan="1" rowspan="1" style="">
</td>
<td colspan="1" rowspan="1" style="">
</td>
</tr>
<tr>
<td colspan="1" rowspan="1" style="height:21px;">
<b>
            Primario
           </b>
</td>
<td colspan="1" rowspan="1" style="">
<b>
            kV
           </b>
</td>
<td colspan="1" rowspan="1" style="">
<b>
            500 / raiz(3)
           </b>
</td>
</tr>
<tr>
<td colspan="1" rowspan="1" style="height:21px;">
<b>
            Secundario
           </b>
</td>
<td colspan="1" rowspan="1" style="">
<b>
            kV
           </b>
</td>
<td colspan="1" rowspan="1" style="">
<b>
            120 / raiz(3)
           </b>
</td>
</tr>
<tr>
<td colspan="1" rowspan="1" style="height:21px;">
<b>
            Terciario
           </b>
</td>
<td colspan="1" rowspan="1" style="">
<b>
            kV
           </b>
</td>
<td colspan="1" rowspan="1" style="">
<b>
            11,4
           </b>
</td>
</tr>
<tr>
<td colspan="1" rowspan="1" style="height:21px;">
<b>
            Regulación bajo carga en secundario
           </b>
</td>
<td colspan="1" rowspan="1" style="">
<b>
            %
           </b>
</td>
<td colspan="1" rowspan="1" style="">
<b>
            ±10
           </b>
</td>
</tr>
<tr>
<td colspan="1" rowspan="1" style="height:21px;">
<b>
            Regulación bajo carga en primario
           </b>
</td>
<td colspan="1" rowspan="1" style="">
<b>
            %
           </b>
</td>
<td colspan="1" rowspan="1" style="">
<b>
            ±10
           </b>
</td>
</tr>
<tr>
<td colspan="1" rowspan="1" style="height:21px;">
<b>
            Paso de la regulación bajo carga
           </b>
</td>
<td colspan="1" rowspan="1" style="">
<b>
            %
           </b>
</td>
<td colspan="1" rowspan="1" style="">
<b>
            1
           </b>
</td>
</tr>
<tr>
<td colspan="1" rowspan="1" style="height:22px;">
<b>
            Número de fases
           </b>
</td>
<td colspan="1" rowspan="1" style="">
</td>
<td colspan="1" rowspan="1" style="">
<b>
            1
           </b>
</td>
</tr>
<tr>
<td colspan="1" rowspan="9" style="height:21px;">
           5.1.2 b
          </td>
<td colspan="1" rowspan="1" style="">
           Relación nominal (Opción 2)
          </td>
<td colspan="1" rowspan="1" style="">
</td>
<td colspan="1" rowspan="1" style="">
</td>
</tr>
<tr>
<td colspan="1" rowspan="1" style="height:21px;">
</td>
<td colspan="1" rowspan="1" style="">
</td>
<td colspan="1" rowspan="1" style="">
</td>
</tr>
<tr>
<td colspan="1" rowspan="1" style="height:21px;">
<b>
            Primario
           </b>
</td>
<td colspan="1" rowspan="1" style="">
<b>
            kV
           </b>
</td>
<td colspan="1" rowspan="1" style="">
<b>
            500 / raiz(3)
           </b>
</td>
</tr>
<tr>
<td colspan="1" rowspan="1" style="height:21px;">
<b>
            Secundario
           </b>
</td>
<td colspan="1" rowspan="1" style="">
<b>
            kV
           </b>
</td>
<td colspan="1" rowspan="1" style="">
<b>
            120 / raiz(3)
           </b>
</td>
</tr>
<tr>
<td colspan="1" rowspan="1" style="height:21px;">
<b>
            Terciario
           </b>
</td>
<td colspan="1" rowspan="1" style="">
<b>
            kV
           </b>
</td>
<td colspan="1" rowspan="1" style="">
<b>
            11,4
           </b>
</td>
</tr>
<tr>
<td colspan="1" rowspan="1" style="height:21px;">
<b>
            Regulación bajo carga en secundario
           </b>
</td>
<td colspan="1" rowspan="1" style="">
<b>
            %
           </b>
</td>
<td colspan="1" rowspan="1" style="">
<b>
            ±10
           </b>
</td>
</tr>
<tr>
<td colspan="1" rowspan="1" style="height:21px;">
<b>
            Regulación bajo carga en primario
           </b>
</td>
<td colspan="1" rowspan="1" style="">
<b>
            %
           </b>
</td>
<td colspan="1" rowspan="1" style="">
<b>
            ±10
           </b>
</td>
</tr>
<tr>
<td colspan="1" rowspan="1" style="height:21px;">
<b>
            Paso de la regulación bajo carga
           </b>
</td>
<td colspan="1" rowspan="1" style="">
<b>
            %
           </b>
</td>
<td colspan="1" rowspan="1" style="">
<b>
            1,25
           </b>
</td>
</tr>
<tr>
<td colspan="1" rowspan="1" style="height:22px;">
<b>
            Número de fases
           </b>
</td>
<td colspan="1" rowspan="1" style="">
</td>
<td colspan="1" rowspan="1" style="">
<b>
            1
           </b>
</td>
</tr>
<tr>
<td colspan="1" rowspan="9" style="height:21px;">
           5.1.2 c
          </td>
<td colspan="1" rowspan="1" style="">
           Relación nominal (Opción 3)
          </td>
<td colspan="1" rowspan="1" style="">
</td>
<td colspan="1" rowspan="1" style="">
</td>
</tr>
<tr>
<td colspan="1" rowspan="1" style="height:21px;">
</td>
<td colspan="1" rowspan="1" style="">
</td>
<td colspan="1" rowspan="1" style="">
</td>
</tr>
<tr>
<td colspan="1" rowspan="1" style="height:21px;">
<b>
            Primario
           </b>
</td>
<td colspan="1" rowspan="1" style="">
<b>
            kV
           </b>
</td>
<td colspan="1" rowspan="1" style="">
<b>
            500 / raiz(3)
           </b>
</td>
</tr>
<tr>
<td colspan="1" rowspan="1" style="height:21px;">
<b>
            Secundario
           </b>
</td>
<td colspan="1" rowspan="1" style="">
<b>
            kV
           </b>
</td>
<td colspan="1" rowspan="1" style="">
<b>
            115 / raiz(3)
           </b>
</td>
</tr>
<tr>
<td colspan="1" rowspan="1" style="height:21px;">
<b>
            Terciario
           </b>
</td>
<td colspan="1" rowspan="1" style="">
<b>
            kV
           </b>
</td>
<td colspan="1" rowspan="1" style="">
<b>
            11,4
           </b>
</td>
</tr>
<tr>
<td colspan="1" rowspan="1" style="height:21px;">
<b>
            Regulación bajo carga en secundario
           </b>
</td>
<td colspan="1" rowspan="1" style="">
<b>
            %
           </b>
</td>
<td colspan="1" rowspan="1" style="">
<b>
            +15% a -6%
           </b>
</td>
</tr>
<tr>
<td colspan="1" rowspan="1" style="height:21px;">
<b>
            Regulación bajo carga en primario
           </b>
</td>
<td colspan="1" rowspan="1" style="">
<b>
            %
           </b>
</td>
<td colspan="1" rowspan="1" style="">
<b>
            +6% a -15%
           </b>
</td>
</tr>
<tr>
<td colspan="1" rowspan="1" style="height:21px;">
<b>
            Paso de la regulación bajo carga
           </b>
</td>
<td colspan="1" rowspan="1" style="">
<b>
            %
           </b>
</td>
<td colspan="1" rowspan="1" style="">
<b>
            1,0
           </b>
</td>
</tr>
<tr>
<td colspan="1" rowspan="1" style="height:22px;">
<b>
            Número de fases
           </b>
</td>
<td colspan="1" rowspan="1" style="">
</td>
<td colspan="1" rowspan="1" style="">
<b>
            1
           </b>
</td>
</tr>
<tr>
<td colspan="1" rowspan="9" style="height:21px;">
           5.1.2 d
          </td>
<td colspan="1" rowspan="1" style="">
           Relación nominal (Opción 4)
          </td>
<td colspan="1" rowspan="1" style="">
</td>
<td colspan="1" rowspan="1" style="">
</td>
</tr>
<tr>
<td colspan="1" rowspan="1" style="height:21px;">
</td>
<td colspan="1" rowspan="1" style="">
</td>
<td colspan="1" rowspan="1" style="">
</td>
</tr>
<tr>
<td colspan="1" rowspan="1" style="height:21px;">
<b>
            Primario
           </b>
</td>
<td colspan="1" rowspan="1" style="">
<b>
            kV
           </b>
</td>
<td colspan="1" rowspan="1" style="">
<b>
            500 / raiz(3)
           </b>
</td>
</tr>
<tr>
<td colspan="1" rowspan="1" style="height:21px;">
<b>
            Secundario
           </b>
</td>
<td colspan="1" rowspan="1" style="">
<b>
            kV
           </b>
</td>
<td colspan="1" rowspan="1" style="">
<b>
            115 / raiz(3)
           </b>
</td>
</tr>
<tr>
<td colspan="1" rowspan="1" style="height:21px;">
<b>
            Terciario
           </b>
</td>
<td colspan="1" rowspan="1" style="">
<b>
            kV
           </b>
</td>
<td colspan="1" rowspan="1" style="">
<b>
            11,4
           </b>
</td>
</tr>
<tr>
<td colspan="1" rowspan="1" style="height:21px;">
<b>
            Regulación bajo carga en secundario
           </b>
</td>
<td colspan="1" rowspan="1" style="">
<b>
            %
           </b>
</td>
<td colspan="1" rowspan="1" style="">
<b>
            +15% a –6%
           </b>
</td>
</tr>
<tr>
<td colspan="1" rowspan="1" style="height:21px;">
<b>
            Regulación bajo carga en primario
           </b>
</td>
<td colspan="1" rowspan="1" style="">
<b>
            %
           </b>
</td>
<td colspan="1" rowspan="1" style="">
<b>
            +6% a – 15%
           </b>
</td>
</tr>
<tr>
<td colspan="1" rowspan="1" style="height:21px;">
<b>
            Paso de la regulación bajo carga
           </b>
</td>
<td colspan="1" rowspan="1" style="">
<b>
            %
           </b>
</td>
<td colspan="1" rowspan="1" style="">
<b>
            1,25
           </b>
</td>
</tr>
<tr>
<td colspan="1" rowspan="1" style="height:22px;">
<b>
            Número de fases
           </b>
</td>
<td colspan="1" rowspan="1" style="">
</td>
<td colspan="1" rowspan="1" style="">
<b>
            1
           </b>
</td>
</tr>
<tr>
<td colspan="1" rowspan="4" style="height:21px;">
           5.1.3
          </td>
<td colspan="1" rowspan="1" style="">
           Máxima tensión de diseño
          </td>
<td colspan="1" rowspan="1" style="">
</td>
<td colspan="1" rowspan="1" style="">
</td>
</tr>
<tr>
<td colspan="1" rowspan="1" style="height:21px;">
<b>
            Primario
           </b>
</td>
<td colspan="1" rowspan="1" style="">
<b>
            kV
           </b>
</td>
<td colspan="1" rowspan="1" style="">
<b>
            550 / raiz(3)
           </b>
</td>
</tr>
<tr>
<td colspan="1" rowspan="1" style="height:21px;">
<b>
            Secundario
           </b>
</td>
<td colspan="1" rowspan="1" style="">
<b>
            kV
           </b>
</td>
<td colspan="1" rowspan="1" style="">
<b>
            126,5 / raiz(3)
           </b>
</td>
</tr>
<tr>
<td colspan="1" rowspan="1" style="height:22px;">
<b>
            Terciario
           </b>
</td>
<td colspan="1" rowspan="1" style="">
<b>
            kV
           </b>
</td>
<td colspan="1" rowspan="1" style="">
<b>
            17,5
           </b>
</td>
</tr>
<tr>
<td colspan="1" rowspan="7" style="height:41px;">
           5.1.4
          </td>
<td colspan="1" rowspan="1" style="">
           Tensión soportada al impulso tipo rayo, BIL
          </td>
<td colspan="1" rowspan="1" style="">
</td>
<td colspan="1" rowspan="1" style="">
</td>
</tr>
<tr>
<td colspan="1" rowspan="1" style="height:21px;">
<b>
            Primario
           </b>
</td>
<td colspan="1" rowspan="1" style="">
</td>
<td colspan="1" rowspan="1" style="">
</td>
</tr>
<tr>
<td colspan="1" rowspan="1" style="height:21px;">
<b>
            Secundario
           </b>
</td>
<td colspan="1" rowspan="1" style="">
<b>
            kV
           </b>
</td>
<td colspan="1" rowspan="1" style="">
<b>
            1550
           </b>
</td>
</tr>
<tr>
<td colspan="1" rowspan="1" style="height:21px;">
<b>
            Terciario
           </b>
</td>
<td colspan="1" rowspan="1" style="">
<b>
            kV
           </b>
</td>
<td colspan="1" rowspan="1" style="">
<b>
            550
           </b>
</td>
</tr>
<tr>
<td colspan="1" rowspan="1" style="height:21px;">
<b>
            Neutro (para autotransformador)
           </b>
</td>
<td colspan="1" rowspan="1" style="">
<b>
            kV
           </b>
</td>
<td colspan="1" rowspan="1" style="">
<b>
            95
           </b>
</td>
</tr>
<tr>
<td colspan="1" rowspan="1" style="height:21px;">
<b>
            Neutro del primario (para transformador)
           </b>
</td>
<td colspan="1" rowspan="1" style="">
<b>
            kV
           </b>
</td>
<td colspan="1" rowspan="1" style="">
<b>
            125
           </b>
</td>
</tr>
<tr>
<td colspan="1" rowspan="1" style="height:21px;">
<b>
            Neutro del secundario (para transformador)
           </b>
</td>
<td colspan="1" rowspan="1" style="">
<b>
            kV
           </b>
</td>
<td colspan="1" rowspan="1" style="">
<b>
            125
           </b>
</td>
</tr>
<tr>
<td colspan="1" rowspan="2" style="height:41px;">
           5.1.5
          </td>
<td colspan="1" rowspan="1" style="">
           Tensión soportada al impulso de maniobra, BSL
          </td>
<td colspan="1" rowspan="1" style="">
</td>
<td colspan="1" rowspan="1" style="">
</td>
</tr>
<tr>
<td colspan="1" rowspan="1" style="height:21px;">
<b>
            Primario
           </b>
</td>
<td colspan="1" rowspan="1" style="">
<b>
            kV
           </b>
</td>
<td colspan="1" rowspan="1" style="">
<b>
            1175
           </b>
</td>
</tr>
<tr>
<td colspan="1" rowspan="13" style="height:42px;">
           5.1.6
          </td>
<td colspan="1" rowspan="1" style="">
           Potencia nominal (en todas las derivaciones, a 2650 m.s.n.m)
          </td>
<td colspan="1" rowspan="1" style="">
</td>
<td colspan="1" rowspan="1" style="">
</td>
</tr>
<tr>
<td colspan="1" rowspan="1" style="height:21px;">
</td>
<td colspan="1" rowspan="1" style="">
</td>
<td colspan="1" rowspan="1" style="">
</td>
</tr>
<tr>
<td colspan="1" rowspan="1" style="height:21px;">
<b>
            Primario / Secundario
           </b>
</td>
<td colspan="1" rowspan="1" style="">
</td>
<td colspan="1" rowspan="1" style="">
</td>
</tr>
<tr>
<td colspan="1" rowspan="1" style="height:21px;">
<b>
            ONAN
           </b>
</td>
<td colspan="1" rowspan="1" style="">
<b>
            MVA
           </b>
</td>
<td colspan="1" rowspan="1" style="">
<b>
            90
           </b>
</td>
</tr>
<tr>
<td colspan="1" rowspan="1" style="height:21px;">
<b>
            ONAF 1
           </b>
</td>
<td colspan="1" rowspan="1" style="">
<b>
            MVA
           </b>
</td>
<td colspan="1" rowspan="1" style="">
<b>
            120
           </b>
</td>
</tr>
<tr>
<td colspan="1" rowspan="1" style="height:21px;">
<b>
            ONAF 2
           </b>
</td>
<td colspan="1" rowspan="1" style="">
<b>
            MVA
           </b>
</td>
<td colspan="1" rowspan="1" style="">
<b>
            150
           </b>
</td>
</tr>
<tr>
<td colspan="1" rowspan="1" style="height:21px;">
</td>
<td colspan="1" rowspan="1" style="">
</td>
<td colspan="1" rowspan="1" style="">
</td>
</tr>
<tr>
<td colspan="1" rowspan="1" style="height:21px;">
<b>
            Primario / Terciario (mínima)
           </b>
</td>
<td colspan="1" rowspan="1" style="">
</td>
<td colspan="1" rowspan="1" style="">
</td>
</tr>
<tr>
<td colspan="1" rowspan="1" style="height:21px;">
<b>
            ONAN
           </b>
</td>
<td colspan="1" rowspan="1" style="">
<b>
            MVA
           </b>
</td>
<td colspan="1" rowspan="1" style="">
<b>
            1
           </b>
</td>
</tr>
<tr>
<td colspan="1" rowspan="1" style="height:21px;">
<b>
            ONAF 1
           </b>
</td>
<td colspan="1" rowspan="1" style="">
<b>
            MVA
           </b>
</td>
<td colspan="1" rowspan="1" style="">
<b>
            1,33
           </b>
</td>
</tr>
<tr>
<td colspan="1" rowspan="1" style="height:21px;">
<b>
            ONAF 2
           </b>
</td>
<td colspan="1" rowspan="1" style="">
<b>
            MVA
           </b>
</td>
<td colspan="1" rowspan="1" style="">
<b>
            1,66
           </b>
</td>
</tr>
<tr>
<td colspan="1" rowspan="1" style="height:21px;">
</td>
<td colspan="1" rowspan="1" style="">
</td>
<td colspan="1" rowspan="1" style="">
</td>
</tr>
<tr>
<td colspan="1" rowspan="1" style="height:21px;">
<b>
            Devanado terciario de compensación
           </b>
</td>
<td colspan="1" rowspan="1" style="">
</td>
<td colspan="1" rowspan="1" style="">
<b>
            Con capacidad de carga externa
           </b>
</td>
</tr>
<tr>
<td colspan="1" rowspan="4" style="height:21px;">
           5.1.7
          </td>
<td colspan="1" rowspan="1" style="">
           Conexión neutro a tierra
          </td>
<td colspan="1" rowspan="1" style="">
</td>
<td colspan="1" rowspan="1" style="">
</td>
</tr>
<tr>
<td colspan="1" rowspan="1" style="height:21px;">
<b>
            Primario
           </b>
</td>
<td colspan="1" rowspan="1" style="">
</td>
<td colspan="1" rowspan="1" style="">
<b>
            Sólidamente
           </b>
</td>
</tr>
<tr>
<td colspan="1" rowspan="1" style="height:21px;">
<b>
            Secundario
           </b>
</td>
<td colspan="1" rowspan="1" style="">
</td>
<td colspan="1" rowspan="1" style="">
<b>
            Sólidamente
           </b>
</td>
</tr>
<tr>
<td colspan="1" rowspan="1" style="height:22px;">
<b>
            Terciario
           </b>
</td>
<td colspan="1" rowspan="1" style="">
</td>
<td colspan="1" rowspan="1" style="">
<b>
            Transformador zig zag
           </b>
</td>
</tr>
<tr>
<td colspan="1" rowspan="3" style="height:40px;">
           5.1.8
          </td>
<td colspan="1" rowspan="1" style="">
           Conexión y desfase angular para banco trifásico
          </td>
<td colspan="1" rowspan="1" style="">
</td>
<td colspan="1" rowspan="1" style="">
</td>
</tr>
<tr>
<td colspan="1" rowspan="1" style="height:21px;">
<b>
            Para transformador
           </b>
</td>
<td colspan="1" rowspan="1" style="">
</td>
<td colspan="1" rowspan="1" style="">
<b>
            YNyn0d1
           </b>
</td>
</tr>
<tr>
<td colspan="1" rowspan="1" style="height:21px;">
<b>
            Para autotransformador
           </b>
</td>
<td colspan="1" rowspan="1" style="">
</td>
<td colspan="1" rowspan="1" style="">
<b>
            Yy0d1
           </b>
</td>
</tr>
<tr>
<td colspan="1" rowspan="3" style="height:21px;">
           5.1.9
          </td>
<td colspan="1" rowspan="1" style="">
           Corriente de cortocircuito del sistema
          </td>
<td colspan="1" rowspan="1" style="">
</td>
<td colspan="1" rowspan="1" style="">
</td>
</tr>
<tr>
<td colspan="1" rowspan="1" style="height:21px;">
<b>
            Lado del primario (500 kV)
           </b>
</td>
<td colspan="1" rowspan="1" style="">
<b>
            kA sim
           </b>
</td>
<td colspan="1" rowspan="1" style="">
<b>
            40
           </b>
</td>
</tr>
<tr>
<td colspan="1" rowspan="1" style="height:22px;">
<b>
            Lado del secundario (115 kV)
           </b>
</td>
<td colspan="1" rowspan="1" style="">
<b>
            kA sim
           </b>
</td>
<td colspan="1" rowspan="1" style="">
<b>
            50
           </b>
</td>
</tr>
<tr>
<td colspan="1" rowspan="9" style="height:21px;">
           5.1.10
          </td>
<td colspan="1" rowspan="1" style="">
           Elevación de temperatura sobre la ambiente
          </td>
<td colspan="1" rowspan="1" style="">
</td>
<td colspan="1" rowspan="1" style="">
</td>
</tr>
<tr>
<td colspan="1" rowspan="1" style="height:21px;">
<b>
            a) Aceite (top oil)
           </b>
</td>
<td colspan="1" rowspan="1" style="">
</td>
<td colspan="1" rowspan="1" style="">
</td>
</tr>
<tr>
<td colspan="1" rowspan="1" style="height:21px;">
           ·         ONAN
          </td>
<td colspan="1" rowspan="1" style="">
<b>
            °C
           </b>
</td>
<td colspan="1" rowspan="1" style="">
<b>
            55
           </b>
</td>
</tr>
<tr>
<td colspan="1" rowspan="1" style="height:21px;">
           ·         ONAF 1
          </td>
<td colspan="1" rowspan="1" style="">
<b>
            °C
           </b>
</td>
<td colspan="1" rowspan="1" style="">
<b>
            55
           </b>
</td>
</tr>
<tr>
<td colspan="1" rowspan="1" style="height:21px;">
           ·         ONAF 2
          </td>
<td colspan="1" rowspan="1" style="">
<b>
            °C
           </b>
</td>
<td colspan="1" rowspan="1" style="">
<b>
            60
           </b>
</td>
</tr>
<tr>
<td colspan="1" rowspan="1" style="height:21px;">
<b>
            b) Devanado (temperatura media)
           </b>
</td>
<td colspan="1" rowspan="1" style="">
</td>
<td colspan="1" rowspan="1" style="">
</td>
</tr>
<tr>
<td colspan="1" rowspan="1" style="height:21px;">
           ·         ONAN
          </td>
<td colspan="1" rowspan="1" style="">
<b>
            °C
           </b>
</td>
<td colspan="1" rowspan="1" style="">
<b>
            50
           </b>
</td>
</tr>
<tr>
<td colspan="1" rowspan="1" style="height:21px;">
           ·         ONAF 1
          </td>
<td colspan="1" rowspan="1" style="">
<b>
            °C
           </b>
</td>
<td colspan="1" rowspan="1" style="">
<b>
            50
           </b>
</td>
</tr>
<tr>
<td colspan="1" rowspan="1" style="height:21px;">
           ·         ONAF 2
          </td>
<td colspan="1" rowspan="1" style="">
<b>
            °C
           </b>
</td>
<td colspan="1" rowspan="1" style="">
<b>
            50
           </b>
</td>
</tr>
<tr>
<td colspan="1" rowspan="1" style="height:21px;">
           5.1.11
          </td>
<td colspan="1" rowspan="1" style="">
           Niveles de sobrecarga permisibles sin pérdida de vida útil según norma IEC 60354
          </td>
<td colspan="1" rowspan="1" style="">
</td>
<td colspan="1" rowspan="1" style="">
<b>
            SI
           </b>
</td>
</tr>
<tr>
<td colspan="1" rowspan="9" style="height:21px;">
           5.1.12
          </td>
<td colspan="1" rowspan="1" style="">
           Impedancias porcentuales a:
          </td>
<td colspan="1" rowspan="1" style="">
</td>
<td colspan="1" rowspan="1" style="">
</td>
</tr>
<tr>
<td colspan="1" rowspan="1" style="height:21px;">
<b>
            Temperatura de referencia
           </b>
</td>
<td colspan="1" rowspan="1" style="">
<b>
            °C
           </b>
</td>
<td colspan="1" rowspan="1" style="">
<b>
            75
           </b>
</td>
</tr>
<tr>
<td colspan="1" rowspan="1" style="height:21px;">
<b>
            Potencia base
           </b>
</td>
<td colspan="1" rowspan="1" style="">
<b>
            MVA
           </b>
</td>
<td colspan="1" rowspan="1" style="">
<b>
            150
           </b>
</td>
</tr>
<tr>
<td colspan="1" rowspan="1" style="height:21px;">
<b>
            Tolerancia
           </b>
</td>
<td colspan="1" rowspan="1" style="">
<b>
            %
           </b>
</td>
<td colspan="1" rowspan="1" style="">
<b>
            ±5
           </b>
</td>
</tr>
<tr>
<td colspan="1" rowspan="1" style="height:21px;">
<b>
            Primario a secundario en derivación 120 / raiz(3) kV
           </b>
</td>
<td colspan="1" rowspan="1" style="">
<b>
            %
           </b>
</td>
<td colspan="1" rowspan="1" style="">
<b>
            11,6
           </b>
</td>
</tr>
<tr>
<td colspan="1" rowspan="1" style="height:21px;">
<b>
            Primario a secundario  en derivación 132 / raiz(3) kV
           </b>
</td>
<td colspan="1" rowspan="1" style="">
<b>
            %
           </b>
</td>
<td colspan="1" rowspan="1" style="">
<b>
            14,1
           </b>
</td>
</tr>
<tr>
<td colspan="1" rowspan="1" style="height:21px;">
<b>
            Primario a secundario en derivación 108 / raiz(3) kV
           </b>
</td>
<td colspan="1" rowspan="1" style="">
<b>
            %
           </b>
</td>
<td colspan="1" rowspan="1" style="">
<b>
            9,1
           </b>
</td>
</tr>
<tr>
<td colspan="1" rowspan="1" style="height:21px;">
<b>
            Primario a terciario
           </b>
</td>
<td colspan="1" rowspan="1" style="">
<b>
            %
           </b>
</td>
<td colspan="1" rowspan="1" style="">
<b>
            80 a 150
           </b>
</td>
</tr>
<tr>
<td colspan="1" rowspan="1" style="height:21px;">
<b>
            Secundario a terciario
           </b>
</td>
<td colspan="1" rowspan="1" style="">
<b>
            %
           </b>
</td>
<td colspan="1" rowspan="1" style="">
<b>
            80 a 150
           </b>
</td>
</tr>
<tr>
<td colspan="1" rowspan="5" style="height:21px;">
           5.1.13
          </td>
<td colspan="1" rowspan="1" style="">
           Nivel de ruido máximo en cada etapa de refrigeración
          </td>
<td colspan="1" rowspan="1" style="">
</td>
<td colspan="1" rowspan="1" style="">
</td>
</tr>
<tr>
<td colspan="1" rowspan="1" style="height:21px;">
<b>
            Norma
           </b>
</td>
<td colspan="1" rowspan="1" style="">
</td>
<td colspan="1" rowspan="1" style="">
<b>
            IEC60551
           </b>
</td>
</tr>
<tr>
<td colspan="1" rowspan="1" style="height:21px;">
<b>
            ONAN
           </b>
</td>
<td colspan="1" rowspan="1" style="">
<b>
            dB
           </b>
</td>
<td colspan="1" rowspan="1" style="">
<b>
            85
           </b>
</td>
</tr>
<tr>
<td colspan="1" rowspan="1" style="height:21px;">
<b>
            ONAF 1
           </b>
</td>
<td colspan="1" rowspan="1" style="">
<b>
            dB
           </b>
</td>
<td colspan="1" rowspan="1" style="">
<b>
            86
           </b>
</td>
</tr>
<tr>
<td colspan="1" rowspan="1" style="height:21px;">
<b>
            ONAF 2
           </b>
</td>
<td colspan="1" rowspan="1" style="">
<b>
            dB
           </b>
</td>
<td colspan="1" rowspan="1" style="">
<b>
            87
           </b>
</td>
</tr>
<tr>
<td colspan="1" rowspan="7" style="height:21px;">
           5.1.14
          </td>
<td colspan="1" rowspan="1" style="">
           Descargas parciales máximas
          </td>
<td colspan="1" rowspan="1" style="">
</td>
<td colspan="1" rowspan="1" style="">
</td>
</tr>
<tr>
<td colspan="1" rowspan="1" style="height:21px;">
<b>
            a) Tensión de “1 hora”
           </b>
</td>
<td colspan="1" rowspan="1" style="">
<b>
            kV
           </b>
</td>
<td colspan="1" rowspan="1" style="">
<b>
            Inf del fabricante
           </b>
</td>
</tr>
<tr>
<td colspan="1" rowspan="1" style="height:21px;">
</td>
<td colspan="1" rowspan="1" style="">
<b>
            uV
           </b>
</td>
<td colspan="1" rowspan="1" style="">
<b>
            Inf del fabricante
           </b>
</td>
</tr>
<tr>
<td colspan="1" rowspan="1" style="height:21px;">
</td>
<td colspan="1" rowspan="1" style="">
<b>
            pC
           </b>
</td>
<td colspan="1" rowspan="1" style="">
<b>
            Inf del fabricante
           </b>
</td>
</tr>
<tr>
<td colspan="1" rowspan="1" style="height:21px;">
<b>
            b) Tensión de “enhancement” ( 7200 ciclos)
           </b>
</td>
<td colspan="1" rowspan="1" style="">
<b>
            kV
           </b>
</td>
<td colspan="1" rowspan="1" style="">
<b>
            Inf del fabricante
           </b>
</td>
</tr>
<tr>
<td colspan="1" rowspan="1" style="height:21px;">
</td>
<td colspan="1" rowspan="1" style="">
<b>
            uV
           </b>
</td>
<td colspan="1" rowspan="1" style="">
<b>
            Inf del fabricante
           </b>
</td>
</tr>
<tr>
<td colspan="1" rowspan="1" style="height:22px;">
</td>
<td colspan="1" rowspan="1" style="">
<b>
            pC
           </b>
</td>
<td colspan="1" rowspan="1" style="">
<b>
            Inf del fabricante
           </b>
</td>
</tr>
<tr>
<td colspan="1" rowspan="4" style="height:21px;">
           5.1.15
          </td>
<td colspan="1" rowspan="1" style="">
           Servicios auxiliares en C.A.
          </td>
<td colspan="1" rowspan="1" style="">
</td>
<td colspan="1" rowspan="1" style="">
</td>
</tr>
<tr>
<td colspan="1" rowspan="1" style="height:21px;">
<b>
            Tensión
           </b>
</td>
<td colspan="1" rowspan="1" style="">
<b>
            V
           </b>
</td>
<td colspan="1" rowspan="1" style="">
<b>
            208 / 120
           </b>
</td>
</tr>
<tr>
<td colspan="1" rowspan="1" style="height:21px;">
<b>
            Frecuencia
           </b>
</td>
<td colspan="1" rowspan="1" style="">
<b>
            Hz
           </b>
</td>
<td colspan="1" rowspan="1" style="">
<b>
            60
           </b>
</td>
</tr>
<tr>
<td colspan="1" rowspan="1" style="height:22px;">
<b>
            Número de fases
           </b>
</td>
<td colspan="1" rowspan="1" style="">
</td>
<td colspan="1" rowspan="1" style="">
<b>
            3
           </b>
</td>
</tr>
<tr>
<td colspan="1" rowspan="1" style="height:22px;">
           5.1.16
          </td>
<td colspan="1" rowspan="1" style="">
           Tensión auxiliar en CC
          </td>
<td colspan="1" rowspan="1" style="">
<b>
            V
           </b>
</td>
<td colspan="1" rowspan="1" style="">
<b>
            125
           </b>
</td>
</tr>
<tr>
<td colspan="1" rowspan="1" style="height:22px;">
           5.1.17
          </td>
<td colspan="1" rowspan="1" style="">
           Nivel de contaminación IEC 60815
          </td>
<td colspan="1" rowspan="1" style="">
</td>
<td colspan="1" rowspan="1" style="">
<b>
            II
           </b>
</td>
</tr>
<tr>
<td colspan="1" rowspan="5" style="height:21px;">
           5.1.18
          </td>
<td colspan="1" rowspan="1" style="">
           Distancias mínimas en aire
          </td>
<td colspan="1" rowspan="1" style="">
</td>
<td colspan="1" rowspan="1" style="">
</td>
</tr>
<tr>
<td colspan="1" rowspan="1" style="height:21px;">
<b>
            Fase-tierra primario (conductor-estructura)
           </b>
</td>
<td colspan="1" rowspan="1" style="">
<b>
            mm
           </b>
</td>
<td colspan="1" rowspan="1" style="">
<b>
            3600
           </b>
</td>
</tr>
<tr>
<td colspan="1" rowspan="1" style="height:21px;">
<b>
            Fase-tierra primario (punta -estructura)
           </b>
</td>
<td colspan="1" rowspan="1" style="">
<b>
            mm
           </b>
</td>
<td colspan="1" rowspan="1" style="">
<b>
            4800
           </b>
</td>
</tr>
<tr>
<td colspan="1" rowspan="1" style="height:21px;">
<b>
            Fase-tierra secundario (punta-estructura)
           </b>
</td>
<td colspan="1" rowspan="1" style="">
<b>
            mm
           </b>
</td>
<td colspan="1" rowspan="1" style="">
<b>
            1300
           </b>
</td>
</tr>
<tr>
<td colspan="1" rowspan="1" style="height:21px;">
<b>
            Fase-tierra terciario (punta estructura)
           </b>
</td>
<td colspan="1" rowspan="1" style="">
<b>
            mm
           </b>
</td>
<td colspan="1" rowspan="1" style="">
<b>
            220
           </b>
</td>
</tr>
<tr>
<td colspan="1" rowspan="23" style="height:21px;">
           5.1.19
          </td>
<td colspan="1" rowspan="1" style="">
           Pérdidas
          </td>
<td colspan="1" rowspan="1" style="">
</td>
<td colspan="1" rowspan="1" style="">
</td>
</tr>
<tr>
<td colspan="1" rowspan="1" style="height:21px;">
<b>
            Pérdidas máximas en vacío al 100% de la tensión nominal
           </b>
</td>
<td colspan="1" rowspan="1" style="">
<b>
            kW
           </b>
</td>
<td colspan="1" rowspan="1" style="">
<b>
            Inf. del fabricante
           </b>
</td>
</tr>
<tr>
<td colspan="1" rowspan="1" style="height:21px;">
</td>
<td colspan="1" rowspan="1" style="">
</td>
<td colspan="1" rowspan="1" style="">
</td>
</tr>
<tr>
<td colspan="1" rowspan="1" style="height:21px;">
<b>
            Pérdidas en carga, a 75°C en cada etapa:
           </b>
</td>
<td colspan="1" rowspan="1" style="">
</td>
<td colspan="1" rowspan="1" style="">
</td>
</tr>
<tr>
<td colspan="1" rowspan="1" style="height:21px;">
</td>
<td colspan="1" rowspan="1" style="">
</td>
<td colspan="1" rowspan="1" style="">
</td>
</tr>
<tr>
<td colspan="1" rowspan="1" style="height:21px;">
<b>
            ONAN
           </b>
</td>
<td colspan="1" rowspan="1" style="">
</td>
<td colspan="1" rowspan="1" style="">
</td>
</tr>
<tr>
<td colspan="1" rowspan="1" style="height:21px;">
<b>
            Pérdida nominales
           </b>
</td>
<td colspan="1" rowspan="1" style="">
<b>
            kW
           </b>
</td>
<td colspan="1" rowspan="1" style="">
<b>
            Inf. Fabricante
           </b>
</td>
</tr>
<tr>
<td colspan="1" rowspan="1" style="height:21px;">
<b>
            En derivación
           </b>
</td>
<td colspan="1" rowspan="1" style="">
<b>
            kV
           </b>
</td>
<td colspan="1" rowspan="1" style="">
<b>
            Nominal
           </b>
</td>
</tr>
<tr>
<td colspan="1" rowspan="1" style="height:21px;">
<b>
            Pérdidas máximas
           </b>
</td>
<td colspan="1" rowspan="1" style="">
<b>
            kW
           </b>
</td>
<td colspan="1" rowspan="1" style="">
<b>
            Inf. Fabricante
           </b>
</td>
</tr>
<tr>
<td colspan="1" rowspan="1" style="height:21px;">
<b>
            En derivación
           </b>
</td>
<td colspan="1" rowspan="1" style="">
<b>
            kV
           </b>
</td>
<td colspan="1" rowspan="1" style="">
<b>
            Inf. Fabricante
           </b>
</td>
</tr>
<tr>
<td colspan="1" rowspan="1" style="height:21px;">
</td>
<td colspan="1" rowspan="1" style="">
</td>
<td colspan="1" rowspan="1" style="">
</td>
</tr>
<tr>
<td colspan="1" rowspan="1" style="height:21px;">
<b>
            ONAF 1
           </b>
</td>
<td colspan="1" rowspan="1" style="">
</td>
<td colspan="1" rowspan="1" style="">
</td>
</tr>
<tr>
<td colspan="1" rowspan="1" style="height:21px;">
<b>
            Pérdidas nominales
           </b>
</td>
<td colspan="1" rowspan="1" style="">
<b>
            kW
           </b>
</td>
<td colspan="1" rowspan="1" style="">
<b>
            Inf. Fabricante
           </b>
</td>
</tr>
<tr>
<td colspan="1" rowspan="1" style="height:21px;">
<b>
            Derivación
           </b>
</td>
<td colspan="1" rowspan="1" style="">
<b>
            kV
           </b>
</td>
<td colspan="1" rowspan="1" style="">
<b>
            Nominal
           </b>
</td>
</tr>
<tr>
<td colspan="1" rowspan="1" style="height:21px;">
</td>
<td colspan="1" rowspan="1" style="">
</td>
<td colspan="1" rowspan="1" style="">
</td>
</tr>
<tr>
<td colspan="1" rowspan="1" style="height:21px;">
<b>
            Pérdidas máximas
           </b>
</td>
<td colspan="1" rowspan="1" style="">
<b>
            kW
           </b>
</td>
<td colspan="1" rowspan="1" style="">
<b>
            Inf. Fabricante
           </b>
</td>
</tr>
<tr>
<td colspan="1" rowspan="1" style="height:21px;">
<b>
            En derivación
           </b>
</td>
<td colspan="1" rowspan="1" style="">
<b>
            kV
           </b>
</td>
<td colspan="1" rowspan="1" style="">
<b>
            Inf. Fabricante
           </b>
</td>
</tr>
<tr>
<td colspan="1" rowspan="1" style="height:21px;">
</td>
<td colspan="1" rowspan="1" style="">
</td>
<td colspan="1" rowspan="1" style="">
</td>
</tr>
<tr>
<td colspan="1" rowspan="1" style="height:21px;">
<b>
            ONAF 2
           </b>
</td>
<td colspan="1" rowspan="1" style="">
</td>
<td colspan="1" rowspan="1" style="">
</td>
</tr>
<tr>
<td colspan="1" rowspan="1" style="height:21px;">
<b>
            Pérdidas nominales
           </b>
</td>
<td colspan="1" rowspan="1" style="">
<b>
            kW
           </b>
</td>
<td colspan="1" rowspan="1" style="">
<b>
            Inf. Fabricante
           </b>
</td>
</tr>
<tr>
<td colspan="1" rowspan="1" style="height:21px;">
<b>
            Derivación
           </b>
</td>
<td colspan="1" rowspan="1" style="">
<b>
            kV
           </b>
</td>
<td colspan="1" rowspan="1" style="">
<b>
            Nominal
           </b>
</td>
</tr>
<tr>
<td colspan="1" rowspan="1" style="height:21px;">
<b>
            Pérdidas máximas
           </b>
</td>
<td colspan="1" rowspan="1" style="">
<b>
            kW
           </b>
</td>
<td colspan="1" rowspan="1" style="">
<b>
            Inf. Fabricante
           </b>
</td>
</tr>
<tr>
<td colspan="1" rowspan="1" style="height:21px;">
<b>
            En derivación
           </b>
</td>
<td colspan="1" rowspan="1" style="">
<b>
            kV
           </b>
</td>
<td colspan="1" rowspan="1" style="">
<b>
            Inf. Fabricante
           </b>
</td>
</tr>
<tr>
<td colspan="1" rowspan="1" style="height:21px;">
           5.1.20
          </td>
<td colspan="1" rowspan="1" style="">
           Corriente de excitación en porcentaje de la corriente nominal para 150 MVA, medida en el primario.
          </td>
<td colspan="1" rowspan="1" style="">
<b>
            %
           </b>
</td>
<td colspan="1" rowspan="1" style="">
<b>
            &lt;0,7
           </b>
</td>
</tr>
<tr>
<td colspan="1" rowspan="3" style="height:21px;">
           5.1.21
          </td>
<td colspan="1" rowspan="1" style="">
           Valoración de pérdidas para evaluación de ofertas
          </td>
<td colspan="1" rowspan="1" style="">
</td>
<td colspan="1" rowspan="1" style="">
</td>
</tr>
<tr>
<td colspan="1" rowspan="1" style="height:21px;">
<b>
            Pérdidas en vacío
           </b>
</td>
<td colspan="1" rowspan="1" style="">
<b>
            US$ / kW
           </b>
</td>
<td colspan="1" rowspan="1" style="">
<b>
            3781
           </b>
</td>
</tr>
<tr>
<td colspan="1" rowspan="1" style="height:21px;">
<b>
            Pérdidas en carga
           </b>
</td>
<td colspan="1" rowspan="1" style="">
<b>
            US$ / kW
           </b>
</td>
<td colspan="1" rowspan="1" style="">
<b>
            904
           </b>
</td>
</tr>
<tr>
<td colspan="1" rowspan="3" style="height:40px;">
           5.1.22
          </td>
<td colspan="1" rowspan="1" style="">
           Multas sobre exceso de pérdidas sobre las pérdidas ofrecidas
          </td>
<td colspan="1" rowspan="1" style="">
</td>
<td colspan="1" rowspan="1" style="">
</td>
</tr>
<tr>
<td colspan="1" rowspan="1" style="height:21px;">
<b>
            Pérdidas en vacío
           </b>
</td>
<td colspan="1" rowspan="1" style="">
<b>
            US$ / kW
           </b>
</td>
<td colspan="1" rowspan="1" style="">
<b>
            4915
           </b>
</td>
</tr>
<tr>
<td colspan="1" rowspan="1" style="height:21px;">
<b>
            Pérdidas en carga
           </b>
</td>
<td colspan="1" rowspan="1" style="">
<b>
            US$ / kW
           </b>
</td>
<td colspan="1" rowspan="1" style="">
<b>
            1175
           </b>
</td>
</tr>
<tr>
<td colspan="1" rowspan="2" style="height:21px;">
           5.2
          </td>
<td colspan="1" rowspan="1" style="">
           Características constructivas y de diseño
          </td>
<td colspan="1" rowspan="1" style="">
</td>
<td colspan="1" rowspan="1" style="">
</td>
</tr>
<tr>
<td colspan="1" rowspan="1" style="height:21px;">
<b>
            Transformador o autotransformador
           </b>
</td>
<td colspan="1" rowspan="1" style="">
<b>
            Inf. fabricante
           </b>
</td>
</tr>
<tr>
<td colspan="1" rowspan="1" style="height:22px;">
           5.2.1
          </td>
<td colspan="1" rowspan="1" style="">
           Tipo de núcleo y de bobinas
          </td>
<td colspan="1" rowspan="1" style="">
</td>
<td colspan="1" rowspan="1" style="">
<b>
            Inf. Fabricante
           </b>
</td>
</tr>
<tr>
<td colspan="1" rowspan="7" style="height:21px;">
           5.2.2
          </td>
<td colspan="1" rowspan="1" style="">
           Características de diseño
          </td>
<td colspan="1" rowspan="1" style="">
</td>
<td colspan="1" rowspan="1" style="">
</td>
</tr>
<tr>
<td colspan="1" rowspan="1" style="height:21px;">
<b>
            Método de anclaje del núcleo al estanque
           </b>
</td>
<td colspan="1" rowspan="1" style="">
</td>
<td colspan="1" rowspan="1" style="">
<b>
            Inf. Fabricante
           </b>
</td>
</tr>
<tr>
<td colspan="1" rowspan="1" style="height:21px;">
<b>
            Tipo de juntura magnética
           </b>
</td>
<td colspan="1" rowspan="1" style="">
</td>
<td colspan="1" rowspan="1" style="">
<b>
            Inf. Fabricante
           </b>
</td>
</tr>
<tr>
<td colspan="1" rowspan="1" style="height:21px;">
<b>
            Número de espiras de las bobinas
           </b>
</td>
<td colspan="1" rowspan="1" style="">
</td>
<td colspan="1" rowspan="1" style="">
<b>
            Inf. Fabricante
           </b>
</td>
</tr>
<tr>
<td colspan="1" rowspan="1" style="height:21px;">
<b>
            Pérdidas específicas del nucleo
           </b>
</td>
<td colspan="1" rowspan="1" style="">
<b>
            W/cm2
           </b>
</td>
<td colspan="1" rowspan="1" style="">
<b>
            Inf. Fabricante
           </b>
</td>
</tr>
<tr>
<td colspan="1" rowspan="1" style="height:21px;">
<b>
            Constante tiempo térmica
           </b>
</td>
<td colspan="1" rowspan="1" style="">
<b>
            Horas
           </b>
</td>
<td colspan="1" rowspan="1" style="">
<b>
            Inf. Fabricante
           </b>
</td>
</tr>
<tr>
<td colspan="1" rowspan="1" style="height:21px;">
<b>
            Disipación de calor
           </b>
</td>
<td colspan="1" rowspan="1" style="">
<b>
            W/cm2
           </b>
</td>
<td colspan="1" rowspan="1" style="">
<b>
            Inf. Fabricante
           </b>
</td>
</tr>
<tr>
<td colspan="1" rowspan="7" style="height:21px;">
           5.2.3
          </td>
<td colspan="1" rowspan="1" style="">
           Peso y dimensiones
          </td>
<td colspan="1" rowspan="1" style="">
</td>
<td colspan="1" rowspan="1" style="">
</td>
</tr>
<tr>
<td colspan="1" rowspan="1" style="height:21px;">
<b>
            Parte activa
           </b>
</td>
<td colspan="1" rowspan="1" style="">
<b>
            kg
           </b>
</td>
<td colspan="1" rowspan="1" style="">
<b>
            Inf. Fabricante
           </b>
</td>
</tr>
<tr>
<td colspan="1" rowspan="1" style="height:21px;">
<b>
            Tanque
           </b>
</td>
<td colspan="1" rowspan="1" style="">
<b>
            kg
           </b>
</td>
<td colspan="1" rowspan="1" style="">
<b>
            Inf. Fabricante
           </b>
</td>
</tr>
<tr>
<td colspan="1" rowspan="1" style="height:21px;">
<b>
            Total sin aceite
           </b>
</td>
<td colspan="1" rowspan="1" style="">
<b>
            kg
           </b>
</td>
<td colspan="1" rowspan="1" style="">
<b>
            Inf. Fabricante
           </b>
</td>
</tr>
<tr>
<td colspan="1" rowspan="1" style="height:21px;">
<b>
            Cantidad aceite del transformador
           </b>
</td>
<td colspan="1" rowspan="1" style="">
<b>
            lt
           </b>
</td>
<td colspan="1" rowspan="1" style="">
<b>
            Inf. Fabricante
           </b>
</td>
</tr>
<tr>
<td colspan="1" rowspan="1" style="height:21px;">
<b>
            Cantidad aceite CDBC (según aplique)
           </b>
</td>
<td colspan="1" rowspan="1" style="">
<b>
            lt
           </b>
</td>
<td colspan="1" rowspan="1" style="">
<b>
            Inf. Fabricante
           </b>
</td>
</tr>
<tr>
<td colspan="1" rowspan="1" style="height:21px;">
<b>
            Peso total del transformador con aceite
           </b>
</td>
<td colspan="1" rowspan="1" style="">
<b>
            kg
           </b>
</td>
<td colspan="1" rowspan="1" style="">
<b>
            Inf. Fabricante
           </b>
</td>
</tr>
<tr>
<td colspan="1" rowspan="1" style="height:21px;">
           5.2.4
          </td>
<td colspan="1" rowspan="1" style="">
           Dimensiones máximas del transformador completamente armado (largo x ancho x alto)
          </td>
<td colspan="1" rowspan="1" style="">
<b>
            mm
           </b>
</td>
<td colspan="1" rowspan="1" style="">
<b>
            Inf. Fabricante
           </b>
</td>
</tr>
<tr>
<td colspan="1" rowspan="1" style="height:22px;">
           6
          </td>
<td colspan="1" rowspan="1" style="">
           Accesorios
          </td>
<td colspan="1" rowspan="1" style="">
</td>
<td colspan="1" rowspan="1" style="">
</td>
</tr>
<tr>
<td colspan="1" rowspan="4" style="height:21px;">
           6.1
          </td>
<td colspan="1" rowspan="1" style="">
           Anclaje
          </td>
<td colspan="1" rowspan="1" style="">
</td>
<td colspan="1" rowspan="1" style="">
</td>
</tr>
<tr>
<td colspan="1" rowspan="1" style="height:21px;">
<b>
            Ruedas con giro de 90°
           </b>
</td>
<td colspan="1" rowspan="1" style="">
</td>
<td colspan="1" rowspan="1" style="">
<b>
            Sí
           </b>
</td>
</tr>
<tr>
<td colspan="1" rowspan="1" style="height:21px;">
<b>
            Tipo de rieles ASCE
           </b>
</td>
<td colspan="1" rowspan="1" style="">
<b>
            daN/m
           </b>
</td>
<td colspan="1" rowspan="1" style="">
<b>
            45
           </b>
</td>
</tr>
<tr>
<td colspan="1" rowspan="1" style="height:22px;">
<b>
            Separación interna de rieles
           </b>
</td>
<td colspan="1" rowspan="1" style="">
<b>
            mm
           </b>
</td>
<td colspan="1" rowspan="1" style="">
<b>
            1435
           </b>
</td>
</tr>
<tr>
<td colspan="1" rowspan="1" style="height:22px;">
           6.2
          </td>
<td colspan="1" rowspan="1" style="">
           Tanque, tapa y radiadores
          </td>
<td colspan="1" rowspan="1" style="">
</td>
<td colspan="1" rowspan="1" style="">
</td>
</tr>
<tr>
<td colspan="1" rowspan="5" style="height:21px;">
</td>
<td colspan="1" rowspan="1" style="">
<b>
            Espesor de la chapa de acero del tanque principal:
           </b>
</td>
<td colspan="1" rowspan="1" style="">
</td>
<td colspan="1" rowspan="1" style="">
</td>
</tr>
<tr>
<td colspan="1" rowspan="1" style="height:21px;">
           -          Paredes
          </td>
<td colspan="1" rowspan="1" style="">
<b>
            mm
           </b>
</td>
<td colspan="1" rowspan="1" style="">
<b>
            Inf. Fabricante
           </b>
</td>
</tr>
<tr>
<td colspan="1" rowspan="1" style="height:21px;">
           -          Tapas
          </td>
<td colspan="1" rowspan="1" style="">
<b>
            mm
           </b>
</td>
<td colspan="1" rowspan="1" style="">
<b>
            Inf. Fabricante
           </b>
</td>
</tr>
<tr>
<td colspan="1" rowspan="1" style="height:21px;">
           -          Base
          </td>
<td colspan="1" rowspan="1" style="">
<b>
            mm
           </b>
</td>
<td colspan="1" rowspan="1" style="">
<b>
            Inf. Fabricante
           </b>
</td>
</tr>
<tr>
<td colspan="1" rowspan="1" style="height:21px;">
<b>
            Fijación de la tapa del tanque principal del transformador
           </b>
</td>
<td colspan="1" rowspan="1" style="">
</td>
<td colspan="1" rowspan="1" style="">
<b>
            Apernada
           </b>
</td>
</tr>
<tr>
<td colspan="1" rowspan="5" style="height:21px;">
           6.3
          </td>
<td colspan="1" rowspan="1" style="">
           Sistema de preservación de aceite
          </td>
<td colspan="1" rowspan="1" style="">
</td>
<td colspan="1" rowspan="1" style="">
</td>
</tr>
<tr>
<td colspan="1" rowspan="1" style="height:21px;">
<b>
            Conservador principal transformador
           </b>
</td>
<td colspan="1" rowspan="1" style="">
<b>
            Sí
           </b>
</td>
<td colspan="1" rowspan="1" style="">
</td>
</tr>
<tr>
<td colspan="1" rowspan="1" style="height:21px;">
<b>
            Bolsa aislamiento aceite-aire
           </b>
</td>
<td colspan="1" rowspan="1" style="">
<b>
            Sí
           </b>
</td>
<td colspan="1" rowspan="1" style="">
</td>
</tr>
<tr>
<td colspan="1" rowspan="1" style="height:21px;">
<b>
            Conservador  cambiador derivaciones bajo carga. (según aplique)
           </b>
</td>
<td colspan="1" rowspan="1" style="">
<b>
            Sí
           </b>
</td>
<td colspan="1" rowspan="1" style="">
</td>
</tr>
<tr>
<td colspan="1" rowspan="1" style="height:21px;">
<b>
            Filtro de aceite cambiador derivaciones bajo carga. (según aplique)
           </b>
</td>
<td colspan="1" rowspan="1" style="">
<b>
            Sí
           </b>
</td>
<td colspan="1" rowspan="1" style="">
</td>
</tr>
<tr>
<td colspan="1" rowspan="26" style="height:21px;">
           6.4
          </td>
<td colspan="1" rowspan="1" style="">
           Aceite aislante
          </td>
<td colspan="1" rowspan="1" style="">
</td>
<td colspan="1" rowspan="1" style="">
</td>
</tr>
<tr>
<td colspan="1" rowspan="1" style="height:21px;">
<b>
            Designación comercial
           </b>
</td>
<td colspan="1" rowspan="1" style="">
</td>
<td colspan="1" rowspan="1" style="">
<b>
            Inf. fabricante
           </b>
</td>
</tr>
<tr>
<td colspan="1" rowspan="1" style="height:21px;">
<b>
            Inhibidores o aditivos
           </b>
</td>
<td colspan="1" rowspan="1" style="">
</td>
<td colspan="1" rowspan="1" style="">
<b>
            No
           </b>
</td>
</tr>
<tr>
<td colspan="1" rowspan="1" style="height:21px;">
<b>
            Norma IEEE C57 106 o IEC 60296, clase 1
           </b>
</td>
<td colspan="1" rowspan="1" style="">
</td>
<td colspan="1" rowspan="1" style="">
<b>
            Inf. fabricante
           </b>
</td>
</tr>
<tr>
<td colspan="1" rowspan="1" style="height:21px;">
<b>
            Punto de anilina máximo
           </b>
</td>
<td colspan="1" rowspan="1" style="">
<b>
            °C
           </b>
</td>
<td colspan="1" rowspan="1" style="">
<b>
            84
           </b>
</td>
</tr>
<tr>
<td colspan="1" rowspan="1" style="height:21px;">
<b>
            Punto de anilina mínimo
           </b>
</td>
<td colspan="1" rowspan="1" style="">
<b>
            °C
           </b>
</td>
<td colspan="1" rowspan="1" style="">
<b>
            70
           </b>
</td>
</tr>
<tr>
<td colspan="1" rowspan="1" style="height:21px;">
<b>
            Color (máximo)
           </b>
</td>
<td colspan="1" rowspan="1" style="">
</td>
<td colspan="1" rowspan="1" style="">
<b>
            0,5
           </b>
</td>
</tr>
<tr>
<td colspan="1" rowspan="1" style="height:21px;">
<b>
            Punto de inflamación (mínimo)
           </b>
</td>
<td colspan="1" rowspan="1" style="">
<b>
            °C
           </b>
</td>
<td colspan="1" rowspan="1" style="">
<b>
            145
           </b>
</td>
</tr>
<tr>
<td colspan="1" rowspan="1" style="height:21px;">
<b>
            Tensión interfacial a 25°C (mínimo)
           </b>
</td>
<td colspan="1" rowspan="1" style="">
<b>
            dina/cm
           </b>
</td>
<td colspan="1" rowspan="1" style="">
<b>
            40
           </b>
</td>
</tr>
<tr>
<td colspan="1" rowspan="1" style="height:21px;">
<b>
            Punto de fluidez (máximo)
           </b>
</td>
<td colspan="1" rowspan="1" style="">
<b>
            °C
           </b>
</td>
<td colspan="1" rowspan="1" style="">
<b>
            -20
           </b>
</td>
</tr>
<tr>
<td colspan="1" rowspan="1" style="height:21px;">
<b>
            Viscosidad cinemática a:
           </b>
</td>
<td colspan="1" rowspan="1" style="">
</td>
<td colspan="1" rowspan="1" style="">
</td>
</tr>
<tr>
<td colspan="1" rowspan="1" style="height:21px;">
<b>
            0°C (máximo)
           </b>
</td>
<td colspan="1" rowspan="1" style="">
<b>
            cSt
           </b>
</td>
<td colspan="1" rowspan="1" style="">
<b>
            76
           </b>
</td>
</tr>
<tr>
<td colspan="1" rowspan="1" style="height:21px;">
<b>
            40°C (máximo)
           </b>
</td>
<td colspan="1" rowspan="1" style="">
<b>
            cSt
           </b>
</td>
<td colspan="1" rowspan="1" style="">
<b>
            12
           </b>
</td>
</tr>
<tr>
<td colspan="1" rowspan="1" style="height:21px;">
<b>
            100°C (máximo)
           </b>
</td>
<td colspan="1" rowspan="1" style="">
<b>
            cSt
           </b>
</td>
<td colspan="1" rowspan="1" style="">
<b>
            3
           </b>
</td>
</tr>
<tr>
<td colspan="1" rowspan="1" style="height:21px;">
<b>
            Tensión de ruptura dieléctrica, 60 Hz:
           </b>
</td>
<td colspan="1" rowspan="1" style="">
</td>
<td colspan="1" rowspan="1" style="">
</td>
</tr>
<tr>
<td colspan="1" rowspan="1" style="height:21px;">
<b>
            Electrodos de disco ASTM D877 (mínimo)
           </b>
</td>
<td colspan="1" rowspan="1" style="">
<b>
            kV
           </b>
</td>
<td colspan="1" rowspan="1" style="">
<b>
            30
           </b>
</td>
</tr>
<tr>
<td colspan="1" rowspan="1" style="height:21px;">
<b>
            Electrodos VDE 1,02 mm (mínimo)
           </b>
</td>
<td colspan="1" rowspan="1" style="">
           1
           <b>
            kV
           </b>
</td>
<td colspan="1" rowspan="1" style="">
<b>
            28
           </b>
</td>
</tr>
<tr>
<td colspan="1" rowspan="1" style="height:21px;">
<b>
            Electrodos VDE 2,03 mm  (mínimo)
           </b>
</td>
<td colspan="1" rowspan="1" style="">
<b>
            kV
           </b>
</td>
<td colspan="1" rowspan="1" style="">
<b>
            56
           </b>
</td>
</tr>
<tr>
<td colspan="1" rowspan="1" style="height:21px;">
<b>
            Factor de disipación
           </b>
</td>
<td colspan="1" rowspan="1" style="">
</td>
<td colspan="1" rowspan="1" style="">
<b>
            Inf. fabricante
           </b>
</td>
</tr>
<tr>
<td colspan="1" rowspan="1" style="height:21px;">
<b>
            Factor de potencia:
           </b>
</td>
<td colspan="1" rowspan="1" style="">
</td>
<td colspan="1" rowspan="1" style="">
</td>
</tr>
<tr>
<td colspan="1" rowspan="1" style="height:21px;">
<b>
            a 25°C (máximo)
           </b>
</td>
<td colspan="1" rowspan="1" style="">
</td>
<td colspan="1" rowspan="1" style="">
<b>
            0,05
           </b>
</td>
</tr>
<tr>
<td colspan="1" rowspan="1" style="height:21px;">
<b>
            a 100 °C (máximo)
           </b>
</td>
<td colspan="1" rowspan="1" style="">
</td>
<td colspan="1" rowspan="1" style="">
<b>
            0,3
           </b>
</td>
</tr>
<tr>
<td colspan="1" rowspan="1" style="height:21px;">
<b>
            Sulfuros corrosivos
           </b>
</td>
<td colspan="1" rowspan="1" style="">
</td>
<td colspan="1" rowspan="1" style="">
<b>
            No corrosivo
           </b>
</td>
</tr>
<tr>
<td colspan="1" rowspan="1" style="height:21px;">
<b>
            Índice de neutralización (mínimo)
           </b>
</td>
<td colspan="1" rowspan="1" style="">
<b>
            mgKOH/g
           </b>
</td>
<td colspan="1" rowspan="1" style="">
<b>
            0,01
           </b>
</td>
</tr>
<tr>
<td colspan="1" rowspan="1" style="height:21px;">
<b>
            Resistencia a la oxidación (minimo)
           </b>
</td>
<td colspan="1" rowspan="1" style="">
<b>
            minuto
           </b>
</td>
<td colspan="1" rowspan="1" style="">
<b>
            195
           </b>
</td>
</tr>
<tr>
<td colspan="1" rowspan="1" style="height:21px;">
<b>
            Contenido de agua (máximo)
           </b>
</td>
<td colspan="1" rowspan="1" style="">
<b>
            ppm
           </b>
</td>
<td colspan="1" rowspan="1" style="">
<b>
            30
           </b>
</td>
</tr>
<tr>
<td colspan="1" rowspan="64" style="height:21px;">
           6.5
          </td>
<td colspan="1" rowspan="1" style="">
           Aisladores pasantes (Bujes)
          </td>
<td colspan="1" rowspan="1" style="">
</td>
<td colspan="1" rowspan="1" style="">
</td>
</tr>
<tr>
<td colspan="1" rowspan="1" style="height:21px;">
<i>
            Primario
           </i>
</td>
<td colspan="1" rowspan="1" style="">
</td>
<td colspan="1" rowspan="1" style="">
</td>
</tr>
<tr>
<td colspan="1" rowspan="1" style="height:21px;">
<b>
            Norma
           </b>
</td>
<td colspan="1" rowspan="1" style="">
</td>
<td colspan="1" rowspan="1" style="">
<b>
            IEC 60137
           </b>
</td>
</tr>
<tr>
<td colspan="1" rowspan="1" style="height:21px;">
<b>
            Tipo
           </b>
</td>
<td colspan="1" rowspan="1" style="">
</td>
<td colspan="1" rowspan="1" style="">
<b>
            Condensador
           </b>
</td>
</tr>
<tr>
<td colspan="1" rowspan="1" style="height:21px;">
<b>
            Tensión soportada al impulso tipo rayo, a 2650 m.s.n.m., BIL
           </b>
</td>
<td colspan="1" rowspan="1" style="">
<b>
            kV
           </b>
</td>
<td colspan="1" rowspan="1" style="">
<b>
            1550
           </b>
</td>
</tr>
<tr>
<td colspan="1" rowspan="1" style="height:21px;">
<b>
            Tensión soportada al impulso de maniobra, a 2650 m.s.n.m, BSL
           </b>
</td>
<td colspan="1" rowspan="1" style="">
<b>
            kV
           </b>
</td>
<td colspan="1" rowspan="1" style="">
<b>
            1175
           </b>
</td>
</tr>
<tr>
<td colspan="1" rowspan="1" style="height:21px;">
<b>
            Corriente nominal
           </b>
</td>
<td colspan="1" rowspan="1" style="">
<b>
            A
           </b>
</td>
<td colspan="1" rowspan="1" style="">
<b>
            800
           </b>
</td>
</tr>
<tr>
<td colspan="1" rowspan="1" style="height:21px;">
<b>
            Corriente de  corta duración, 1s
           </b>
</td>
<td colspan="1" rowspan="1" style="">
<b>
            kA
           </b>
</td>
<td colspan="1" rowspan="1" style="">
<b>
            40
           </b>
</td>
</tr>
<tr>
<td colspan="1" rowspan="1" style="height:21px;">
<b>
            Distancia de fuga mínima
           </b>
</td>
<td colspan="1" rowspan="1" style="">
<b>
            mm
           </b>
</td>
<td colspan="1" rowspan="1" style="">
<b>
            11000
           </b>
</td>
</tr>
<tr>
<td colspan="1" rowspan="1" style="height:21px;">
<b>
            Esfuerzo cantilever
           </b>
</td>
<td colspan="1" rowspan="1" style="">
<b>
            N-m
           </b>
</td>
<td colspan="1" rowspan="1" style="">
<b>
            Inf. Fabricante
           </b>
</td>
</tr>
<tr>
<td colspan="1" rowspan="1" style="height:21px;">
<b>
            Carga mecánica
           </b>
</td>
<td colspan="1" rowspan="1" style="">
<b>
            N
           </b>
</td>
<td colspan="1" rowspan="1" style="">
<b>
            Inf. Fabricante
           </b>
</td>
</tr>
<tr>
<td colspan="1" rowspan="1" style="height:21px;">
<b>
            Terminales
           </b>
</td>
<td colspan="1" rowspan="1" style="">
</td>
<td colspan="1" rowspan="1" style="">
<b>
            Inf. Fabricante
           </b>
</td>
</tr>
<tr>
<td colspan="1" rowspan="1" style="height:21px;">
</td>
<td colspan="1" rowspan="1" style="">
</td>
<td colspan="1" rowspan="1" style="">
</td>
</tr>
<tr>
<td colspan="1" rowspan="1" style="height:21px;">
<i>
            Secundario
           </i>
</td>
<td colspan="1" rowspan="1" style="">
</td>
<td colspan="1" rowspan="1" style="">
</td>
</tr>
<tr>
<td colspan="1" rowspan="1" style="height:21px;">
<b>
            Norma
           </b>
</td>
<td colspan="1" rowspan="1" style="">
</td>
<td colspan="1" rowspan="1" style="">
<b>
            IEC 60137
           </b>
</td>
</tr>
<tr>
<td colspan="1" rowspan="1" style="height:21px;">
<b>
            Tipo
           </b>
</td>
<td colspan="1" rowspan="1" style="">
</td>
<td colspan="1" rowspan="1" style="">
<b>
            Condensador
           </b>
</td>
</tr>
<tr>
<td colspan="1" rowspan="1" style="height:21px;">
<b>
            Tensión soportada al impulso tipo rayo, a 2650 m.s.n.m., BIL
           </b>
</td>
<td colspan="1" rowspan="1" style="">
<b>
            kV
           </b>
</td>
<td colspan="1" rowspan="1" style="">
<b>
            550
           </b>
</td>
</tr>
<tr>
<td colspan="1" rowspan="1" style="height:21px;">
<b>
            Corriente nominal
           </b>
</td>
<td colspan="1" rowspan="1" style="">
<b>
            A
           </b>
</td>
<td colspan="1" rowspan="1" style="">
<b>
            3150
           </b>
</td>
</tr>
<tr>
<td colspan="1" rowspan="1" style="height:21px;">
<b>
            Corriente de  corta duración, 1s
           </b>
</td>
<td colspan="1" rowspan="1" style="">
<b>
            kA
           </b>
</td>
<td colspan="1" rowspan="1" style="">
<b>
            50
           </b>
</td>
</tr>
<tr>
<td colspan="1" rowspan="1" style="height:21px;">
<b>
            Distancia de fuga mínima
           </b>
</td>
<td colspan="1" rowspan="1" style="">
<b>
            mm
           </b>
</td>
<td colspan="1" rowspan="1" style="">
<b>
            2530
           </b>
</td>
</tr>
<tr>
<td colspan="1" rowspan="1" style="height:21px;">
<b>
            Esfuerzo cantilever
           </b>
</td>
<td colspan="1" rowspan="1" style="">
<b>
            N-m
           </b>
</td>
<td colspan="1" rowspan="1" style="">
<b>
            Inf. Fabricante
           </b>
</td>
</tr>
<tr>
<td colspan="1" rowspan="1" style="height:21px;">
<b>
            Carga mecánica
           </b>
</td>
<td colspan="1" rowspan="1" style="">
<b>
            N
           </b>
</td>
<td colspan="1" rowspan="1" style="">
<b>
            Inf. Fabricante
           </b>
</td>
</tr>
<tr>
<td colspan="1" rowspan="1" style="height:21px;">
<b>
            Terminales
           </b>
</td>
<td colspan="1" rowspan="1" style="">
</td>
<td colspan="1" rowspan="1" style="">
<b>
            Inf. Fabricante
           </b>
</td>
</tr>
<tr>
<td colspan="1" rowspan="1" style="height:21px;">
</td>
<td colspan="1" rowspan="1" style="">
</td>
<td colspan="1" rowspan="1" style="">
</td>
</tr>
<tr>
<td colspan="1" rowspan="1" style="height:21px;">
<i>
            Terciario
           </i>
</td>
<td colspan="1" rowspan="1" style="">
</td>
<td colspan="1" rowspan="1" style="">
</td>
</tr>
<tr>
<td colspan="1" rowspan="1" style="height:21px;">
<b>
            Norma
           </b>
</td>
<td colspan="1" rowspan="1" style="">
</td>
<td colspan="1" rowspan="1" style="">
<b>
            IEC 60137
           </b>
</td>
</tr>
<tr>
<td colspan="1" rowspan="1" style="height:21px;">
<b>
            Tipo
           </b>
</td>
<td colspan="1" rowspan="1" style="">
</td>
<td colspan="1" rowspan="1" style="">
<b>
            Sólido
           </b>
</td>
</tr>
<tr>
<td colspan="1" rowspan="1" style="height:21px;">
<b>
            Tensión soportada al impulso tipo rayo, a 2650 m.s.n.m., BIL
           </b>
</td>
<td colspan="1" rowspan="1" style="">
<b>
            kV
           </b>
</td>
<td colspan="1" rowspan="1" style="">
<b>
            95
           </b>
</td>
</tr>
<tr>
<td colspan="1" rowspan="1" style="height:21px;">
<b>
            Corriente nominal
           </b>
</td>
<td colspan="1" rowspan="1" style="">
<b>
            A
           </b>
</td>
<td colspan="1" rowspan="1" style="">
</td>
</tr>
<tr>
<td colspan="1" rowspan="1" style="height:21px;">
<b>
            Corriente de  corta duración, 1s
           </b>
</td>
<td colspan="1" rowspan="1" style="">
<b>
            kA
           </b>
</td>
<td colspan="1" rowspan="1" style="">
</td>
</tr>
<tr>
<td colspan="1" rowspan="1" style="height:21px;">
<b>
            Distancia de fuga mínima
           </b>
</td>
<td colspan="1" rowspan="1" style="">
<b>
            mm
           </b>
</td>
<td colspan="1" rowspan="1" style="">
<b>
            300
           </b>
</td>
</tr>
<tr>
<td colspan="1" rowspan="1" style="height:21px;">
</td>
<td colspan="1" rowspan="1" style="">
</td>
<td colspan="1" rowspan="1" style="">
</td>
</tr>
<tr>
<td colspan="1" rowspan="1" style="height:21px;">
<i>
            Neutro (para autotransformador)
           </i>
</td>
<td colspan="1" rowspan="1" style="">
</td>
<td colspan="1" rowspan="1" style="">
</td>
</tr>
<tr>
<td colspan="1" rowspan="1" style="height:21px;">
<b>
            Norma
           </b>
</td>
<td colspan="1" rowspan="1" style="">
</td>
<td colspan="1" rowspan="1" style="">
<b>
            IEC 60137
           </b>
</td>
</tr>
<tr>
<td colspan="1" rowspan="1" style="height:21px;">
<b>
            Tipo
           </b>
</td>
<td colspan="1" rowspan="1" style="">
</td>
<td colspan="1" rowspan="1" style="">
<b>
            Sólido
           </b>
</td>
</tr>
<tr>
<td colspan="1" rowspan="1" style="height:21px;">
<b>
            Tensión soportada al impulso tipo rayo, a 2650 m.s.n.m., BIL
           </b>
</td>
<td colspan="1" rowspan="1" style="">
<b>
            kV
           </b>
</td>
<td colspan="1" rowspan="1" style="">
<b>
            125
           </b>
</td>
</tr>
<tr>
<td colspan="1" rowspan="1" style="height:21px;">
<b>
            Corriente nominal
           </b>
</td>
<td colspan="1" rowspan="1" style="">
<b>
            A
           </b>
</td>
<td colspan="1" rowspan="1" style="">
<b>
            2500
           </b>
</td>
</tr>
<tr>
<td colspan="1" rowspan="1" style="height:21px;">
<b>
            Corriente de  corta duración, 1s
           </b>
</td>
<td colspan="1" rowspan="1" style="">
<b>
            kA
           </b>
</td>
<td colspan="1" rowspan="1" style="">
</td>
</tr>
<tr>
<td colspan="1" rowspan="1" style="height:21px;">
<b>
            Distancia de fuga mínima
           </b>
</td>
<td colspan="1" rowspan="1" style="">
<b>
            mm
           </b>
</td>
<td colspan="1" rowspan="1" style="">
<b>
            480
           </b>
</td>
</tr>
<tr>
<td colspan="1" rowspan="1" style="height:21px;">
<b>
            Esfuerzo cantilever
           </b>
</td>
<td colspan="1" rowspan="1" style="">
<b>
            N-m
           </b>
</td>
<td colspan="1" rowspan="1" style="">
<b>
            Inf. Fabricante
           </b>
</td>
</tr>
<tr>
<td colspan="1" rowspan="1" style="height:21px;">
<b>
            Carga mecánica
           </b>
</td>
<td colspan="1" rowspan="1" style="">
<b>
            N
           </b>
</td>
<td colspan="1" rowspan="1" style="">
<b>
            Inf. Fabricante
           </b>
</td>
</tr>
<tr>
<td colspan="1" rowspan="1" style="height:21px;">
<b>
            Terminales
           </b>
</td>
<td colspan="1" rowspan="1" style="">
</td>
<td colspan="1" rowspan="1" style="">
<b>
            Inf. Fabricante
           </b>
</td>
</tr>
<tr>
<td colspan="1" rowspan="1" style="height:21px;">
</td>
<td colspan="1" rowspan="1" style="">
</td>
<td colspan="1" rowspan="1" style="">
</td>
</tr>
<tr>
<td colspan="1" rowspan="1" style="height:21px;">
<i>
            Neutro del primario (para transformador)
           </i>
</td>
<td colspan="1" rowspan="1" style="">
</td>
<td colspan="1" rowspan="1" style="">
</td>
</tr>
<tr>
<td colspan="1" rowspan="1" style="height:21px;">
<b>
            Norma
           </b>
</td>
<td colspan="1" rowspan="1" style="">
</td>
<td colspan="1" rowspan="1" style="">
<b>
            IEC 60137
           </b>
</td>
</tr>
<tr>
<td colspan="1" rowspan="1" style="height:21px;">
<b>
            Tipo
           </b>
</td>
<td colspan="1" rowspan="1" style="">
</td>
<td colspan="1" rowspan="1" style="">
</td>
</tr>
<tr>
<td colspan="1" rowspan="1" style="height:21px;">
<b>
            Tensión soportada al impulso tipo rayo, a 2650 m.s.n.m., BIL
           </b>
</td>
<td colspan="1" rowspan="1" style="">
<b>
            kV
           </b>
</td>
<td colspan="1" rowspan="1" style="">
<b>
            125
           </b>
</td>
</tr>
<tr>
<td colspan="1" rowspan="1" style="height:21px;">
<b>
            Corriente nominal
           </b>
</td>
<td colspan="1" rowspan="1" style="">
<b>
            A
           </b>
</td>
<td colspan="1" rowspan="1" style="">
<b>
            800
           </b>
</td>
</tr>
<tr>
<td colspan="1" rowspan="1" style="height:21px;">
<b>
            Corriente de  corta duración, 1s
           </b>
</td>
<td colspan="1" rowspan="1" style="">
<b>
            kA
           </b>
</td>
<td colspan="1" rowspan="1" style="">
</td>
</tr>
<tr>
<td colspan="1" rowspan="1" style="height:21px;">
<b>
            Distancia de fuga mínima
           </b>
</td>
<td colspan="1" rowspan="1" style="">
<b>
            mm
           </b>
</td>
<td colspan="1" rowspan="1" style="">
<b>
            480
           </b>
</td>
</tr>
<tr>
<td colspan="1" rowspan="1" style="height:21px;">
<b>
            Esfuerzo cantilever
           </b>
</td>
<td colspan="1" rowspan="1" style="">
<b>
            N-m
           </b>
</td>
<td colspan="1" rowspan="1" style="">
<b>
            Inf. Fabricante
           </b>
</td>
</tr>
<tr>
<td colspan="1" rowspan="1" style="height:21px;">
<b>
            Carga mecánica
           </b>
</td>
<td colspan="1" rowspan="1" style="">
<b>
            N
           </b>
</td>
<td colspan="1" rowspan="1" style="">
<b>
            Inf. Fabricante
           </b>
</td>
</tr>
<tr>
<td colspan="1" rowspan="1" style="height:21px;">
<b>
            Terminales
           </b>
</td>
<td colspan="1" rowspan="1" style="">
</td>
<td colspan="1" rowspan="1" style="">
<b>
            Inf. Fabricante
           </b>
</td>
</tr>
<tr>
<td colspan="1" rowspan="1" style="height:21px;">
</td>
<td colspan="1" rowspan="1" style="">
</td>
<td colspan="1" rowspan="1" style="">
</td>
</tr>
<tr>
<td colspan="1" rowspan="1" style="height:21px;">
<i>
            Neutro del secundario (para transformador)
           </i>
</td>
<td colspan="1" rowspan="1" style="">
</td>
<td colspan="1" rowspan="1" style="">
</td>
</tr>
<tr>
<td colspan="1" rowspan="1" style="height:21px;">
<b>
            Norma
           </b>
</td>
<td colspan="1" rowspan="1" style="">
</td>
<td colspan="1" rowspan="1" style="">
<b>
            IEC 60137
           </b>
</td>
</tr>
<tr>
<td colspan="1" rowspan="1" style="height:21px;">
<b>
            Tipo
           </b>
</td>
<td colspan="1" rowspan="1" style="">
</td>
<td colspan="1" rowspan="1" style="">
</td>
</tr>
<tr>
<td colspan="1" rowspan="1" style="height:21px;">
<b>
            Tensión soportada al impulso tipo rayo, a 2650 m.s.n.m., BIL
           </b>
</td>
<td colspan="1" rowspan="1" style="">
<b>
            kV
           </b>
</td>
<td colspan="1" rowspan="1" style="">
<b>
            95
           </b>
</td>
</tr>
<tr>
<td colspan="1" rowspan="1" style="height:21px;">
<b>
            Corriente nominal
           </b>
</td>
<td colspan="1" rowspan="1" style="">
<b>
            A
           </b>
</td>
<td colspan="1" rowspan="1" style="">
<b>
            3150
           </b>
</td>
</tr>
<tr>
<td colspan="1" rowspan="1" style="height:21px;">
<b>
            Corriente de  corta duración, 1s
           </b>
</td>
<td colspan="1" rowspan="1" style="">
<b>
            kA
           </b>
</td>
<td colspan="1" rowspan="1" style="">
</td>
</tr>
<tr>
<td colspan="1" rowspan="1" style="height:21px;">
<b>
            Distancia de fuga mínima
           </b>
</td>
<td colspan="1" rowspan="1" style="">
<b>
            mm
           </b>
</td>
<td colspan="1" rowspan="1" style="">
<b>
            300
           </b>
</td>
</tr>
<tr>
<td colspan="1" rowspan="1" style="height:21px;">
<b>
            Esfuerzo cantilever
           </b>
</td>
<td colspan="1" rowspan="1" style="">
<b>
            N-m
           </b>
</td>
<td colspan="1" rowspan="1" style="">
<b>
            Inf. Fabricante
           </b>
</td>
</tr>
<tr>
<td colspan="1" rowspan="1" style="height:21px;">
<b>
            Carga mecánica
           </b>
</td>
<td colspan="1" rowspan="1" style="">
<b>
            N
           </b>
</td>
<td colspan="1" rowspan="1" style="">
<b>
            Inf. Fabricante
           </b>
</td>
</tr>
<tr>
<td colspan="1" rowspan="1" style="height:21px;">
<b>
            Terminales
           </b>
</td>
<td colspan="1" rowspan="1" style="">
</td>
<td colspan="1" rowspan="1" style="">
<b>
            Inf. Fabricante
           </b>
</td>
</tr>
<tr>
<td colspan="1" rowspan="25" style="height:21px;">
           6.6
          </td>
<td colspan="1" rowspan="1" style="">
           Conectores terminales de línea
          </td>
<td colspan="1" rowspan="1" style="">
</td>
<td colspan="1" rowspan="1" style="">
</td>
</tr>
<tr>
<td colspan="1" rowspan="1" style="height:21px;">
<u>
            Primario
           </u>
</td>
<td colspan="1" rowspan="1" style="">
</td>
<td colspan="1" rowspan="1" style="">
</td>
</tr>
<tr>
<td colspan="1" rowspan="1" style="height:21px;">
<b>
            Modelo
           </b>
</td>
<td colspan="1" rowspan="1" style="">
</td>
<td colspan="1" rowspan="1" style="">
<b>
            Inf. Fabricante
           </b>
</td>
</tr>
<tr>
<td colspan="1" rowspan="1" style="height:21px;">
<b>
            Material
           </b>
</td>
<td colspan="1" rowspan="1" style="">
</td>
<td colspan="1" rowspan="1" style="">
<b>
            Inf. Fabricante
           </b>
</td>
</tr>
<tr>
<td colspan="1" rowspan="1" style="height:21px;">
<b>
            Forma de salida del conductor
           </b>
</td>
<td colspan="1" rowspan="1" style="">
</td>
<td colspan="1" rowspan="1" style="">
<b>
            Inf. Fabricante
           </b>
</td>
</tr>
<tr>
<td colspan="1" rowspan="1" style="height:21px;">
<b>
            Calibre
           </b>
</td>
<td colspan="1" rowspan="1" style="">
</td>
<td colspan="1" rowspan="1" style="">
<b>
            Inf. Fabricante
           </b>
</td>
</tr>
<tr>
<td colspan="1" rowspan="1" style="height:21px;">
<b>
            Numero de conductores
           </b>
</td>
<td colspan="1" rowspan="1" style="">
</td>
<td colspan="1" rowspan="1" style="">
<b>
            Inf. Fabricante
           </b>
</td>
</tr>
<tr>
<td colspan="1" rowspan="1" style="height:21px;">
<u>
            Secundario
           </u>
</td>
<td colspan="1" rowspan="1" style="">
</td>
<td colspan="1" rowspan="1" style="">
</td>
</tr>
<tr>
<td colspan="1" rowspan="1" style="height:21px;">
<b>
            Modelo
           </b>
</td>
<td colspan="1" rowspan="1" style="">
</td>
<td colspan="1" rowspan="1" style="">
<b>
            Inf. Fabricante
           </b>
</td>
</tr>
<tr>
<td colspan="1" rowspan="1" style="height:21px;">
<b>
            Material
           </b>
</td>
<td colspan="1" rowspan="1" style="">
</td>
<td colspan="1" rowspan="1" style="">
<b>
            Inf. Fabricante
           </b>
</td>
</tr>
<tr>
<td colspan="1" rowspan="1" style="height:21px;">
<b>
            Forma de salida del conductor
           </b>
</td>
<td colspan="1" rowspan="1" style="">
</td>
<td colspan="1" rowspan="1" style="">
<b>
            Inf. Fabricante
           </b>
</td>
</tr>
<tr>
<td colspan="1" rowspan="1" style="height:21px;">
<b>
            Calibre
           </b>
</td>
<td colspan="1" rowspan="1" style="">
</td>
<td colspan="1" rowspan="1" style="">
<b>
            Inf. Fabricante
           </b>
</td>
</tr>
<tr>
<td colspan="1" rowspan="1" style="height:21px;">
<b>
            Numero de conductores
           </b>
</td>
<td colspan="1" rowspan="1" style="">
</td>
<td colspan="1" rowspan="1" style="">
<b>
            Inf. Fabricante
           </b>
</td>
</tr>
<tr>
<td colspan="1" rowspan="1" style="height:21px;">
<u>
            Terciario
           </u>
</td>
<td colspan="1" rowspan="1" style="">
</td>
<td colspan="1" rowspan="1" style="">
</td>
</tr>
<tr>
<td colspan="1" rowspan="1" style="height:21px;">
<b>
            Modelo
           </b>
</td>
<td colspan="1" rowspan="1" style="">
</td>
<td colspan="1" rowspan="1" style="">
<b>
            Inf. Fabricante
           </b>
</td>
</tr>
<tr>
<td colspan="1" rowspan="1" style="height:21px;">
<b>
            Material
           </b>
</td>
<td colspan="1" rowspan="1" style="">
</td>
<td colspan="1" rowspan="1" style="">
<b>
            Inf. Fabricante
           </b>
</td>
</tr>
<tr>
<td colspan="1" rowspan="1" style="height:21px;">
<b>
            Forma de salida del conductor
           </b>
</td>
<td colspan="1" rowspan="1" style="">
</td>
<td colspan="1" rowspan="1" style="">
<b>
            Inf. Fabricante
           </b>
</td>
</tr>
<tr>
<td colspan="1" rowspan="1" style="height:21px;">
<b>
            Calibre
           </b>
</td>
<td colspan="1" rowspan="1" style="">
</td>
<td colspan="1" rowspan="1" style="">
<b>
            Inf. Fabricante
           </b>
</td>
</tr>
<tr>
<td colspan="1" rowspan="1" style="height:21px;">
<b>
            Numero de conductores
           </b>
</td>
<td colspan="1" rowspan="1" style="">
</td>
<td colspan="1" rowspan="1" style="">
<b>
            Inf. Fabricante
           </b>
</td>
</tr>
<tr>
<td colspan="1" rowspan="1" style="height:21px;">
<u>
            Neutro
           </u>
</td>
<td colspan="1" rowspan="1" style="">
</td>
<td colspan="1" rowspan="1" style="">
</td>
</tr>
<tr>
<td colspan="1" rowspan="1" style="height:21px;">
<b>
            Modelo
           </b>
</td>
<td colspan="1" rowspan="1" style="">
</td>
<td colspan="1" rowspan="1" style="">
<b>
            Inf. Fabricante
           </b>
</td>
</tr>
<tr>
<td colspan="1" rowspan="1" style="height:21px;">
<b>
            Material
           </b>
</td>
<td colspan="1" rowspan="1" style="">
</td>
<td colspan="1" rowspan="1" style="">
<b>
            Inf. Fabricante
           </b>
</td>
</tr>
<tr>
<td colspan="1" rowspan="1" style="height:21px;">
<b>
            Forma de salida del conductor
           </b>
</td>
<td colspan="1" rowspan="1" style="">
</td>
<td colspan="1" rowspan="1" style="">
<b>
            Inf. Fabricante
           </b>
</td>
</tr>
<tr>
<td colspan="1" rowspan="1" style="height:21px;">
<b>
            Calibre
           </b>
</td>
<td colspan="1" rowspan="1" style="">
</td>
<td colspan="1" rowspan="1" style="">
<b>
            Inf. Fabricante
           </b>
</td>
</tr>
<tr>
<td colspan="1" rowspan="1" style="height:22px;">
<b>
            Numero de conductores
           </b>
</td>
<td colspan="1" rowspan="1" style="">
</td>
<td colspan="1" rowspan="1" style="">
<b>
            Inf. Fabricante
           </b>
</td>
</tr>
<tr>
<td colspan="1" rowspan="26" style="height:21px;">
           6.7
          </td>
<td colspan="1" rowspan="1" style="">
           Equipo de refrigeración
          </td>
<td colspan="1" rowspan="1" style="">
</td>
<td colspan="1" rowspan="1" style="">
</td>
</tr>
<tr>
<td colspan="1" rowspan="1" style="height:21px;">
<b>
            Número de grupos de ventiladores y número de ventiladores en cada grupo
           </b>
</td>
<td colspan="1" rowspan="1" style="">
</td>
<td colspan="1" rowspan="1" style="">
<b>
            Inf. Fabricante
           </b>
</td>
</tr>
<tr>
<td colspan="1" rowspan="1" style="height:21px;">
           Ventilador
          </td>
<td colspan="1" rowspan="1" style="">
</td>
<td colspan="1" rowspan="1" style="">
</td>
</tr>
<tr>
<td colspan="1" rowspan="1" style="height:21px;">
<b>
            Marca
           </b>
</td>
<td colspan="1" rowspan="1" style="">
</td>
<td colspan="1" rowspan="1" style="">
</td>
</tr>
<tr>
<td colspan="1" rowspan="1" style="height:21px;">
<b>
            No. de Fases
           </b>
</td>
<td colspan="1" rowspan="1" style="">
</td>
<td colspan="1" rowspan="1" style="">
<b>
            3
           </b>
</td>
</tr>
<tr>
<td colspan="1" rowspan="1" style="height:21px;">
<b>
            Tensión nominal
           </b>
</td>
<td colspan="1" rowspan="1" style="">
<b>
            Vca
           </b>
</td>
<td colspan="1" rowspan="1" style="">
<b>
            208
           </b>
</td>
</tr>
<tr>
<td colspan="1" rowspan="1" style="height:21px;">
<b>
            Frecuencia
           </b>
</td>
<td colspan="1" rowspan="1" style="">
<b>
            Hz
           </b>
</td>
<td colspan="1" rowspan="1" style="">
<b>
            60
           </b>
</td>
</tr>
<tr>
<td colspan="1" rowspan="1" style="height:21px;">
<b>
            Potencia
           </b>
</td>
<td colspan="1" rowspan="1" style="">
<b>
            kW
           </b>
</td>
<td colspan="1" rowspan="1" style="">
<b>
            Inf. Fabricante
           </b>
</td>
</tr>
<tr>
<td colspan="1" rowspan="1" style="height:21px;">
           Termomagnéticos de protección de los motores
          </td>
<td colspan="1" rowspan="1" style="">
</td>
<td colspan="1" rowspan="1" style="">
</td>
</tr>
<tr>
<td colspan="1" rowspan="1" style="height:21px;">
<b>
            No. de polos
           </b>
</td>
<td colspan="1" rowspan="1" style="">
</td>
<td colspan="1" rowspan="1" style="">
<b>
            3
           </b>
</td>
</tr>
<tr>
<td colspan="1" rowspan="1" style="height:21px;">
<b>
            Tensión nominal
           </b>
</td>
<td colspan="1" rowspan="1" style="">
<b>
            Vca
           </b>
</td>
<td colspan="1" rowspan="1" style="">
<b>
            208
           </b>
</td>
</tr>
<tr>
<td colspan="1" rowspan="1" style="height:21px;">
<b>
            Corriente nominal
           </b>
</td>
<td colspan="1" rowspan="1" style="">
</td>
<td colspan="1" rowspan="1" style="">
<b>
            Inf. Fabricante
           </b>
</td>
</tr>
<tr>
<td colspan="1" rowspan="1" style="height:21px;">
<b>
            Marca
           </b>
</td>
<td colspan="1" rowspan="1" style="">
</td>
<td colspan="1" rowspan="1" style="">
<b>
            Inf. Fabricante
           </b>
</td>
</tr>
<tr>
<td colspan="1" rowspan="1" style="height:21px;">
           Contactores de comando de los ventiladores
          </td>
<td colspan="1" rowspan="1" style="">
</td>
<td colspan="1" rowspan="1" style="">
</td>
</tr>
<tr>
<td colspan="1" rowspan="1" style="height:21px;">
<b>
            No. de polos
           </b>
</td>
<td colspan="1" rowspan="1" style="">
</td>
<td colspan="1" rowspan="1" style="">
<b>
            3
           </b>
</td>
</tr>
<tr>
<td colspan="1" rowspan="1" style="height:21px;">
<b>
            Tensión nominal
           </b>
</td>
<td colspan="1" rowspan="1" style="">
<b>
            Vca
           </b>
</td>
<td colspan="1" rowspan="1" style="">
<b>
            208
           </b>
</td>
</tr>
<tr>
<td colspan="1" rowspan="1" style="height:21px;">
<b>
            Corriente nominal
           </b>
</td>
<td colspan="1" rowspan="1" style="">
</td>
<td colspan="1" rowspan="1" style="">
<b>
            Inf. Fabricante
           </b>
</td>
</tr>
<tr>
<td colspan="1" rowspan="1" style="height:21px;">
<b>
            Marca
           </b>
</td>
<td colspan="1" rowspan="1" style="">
</td>
<td colspan="1" rowspan="1" style="">
<b>
            Inf. Fabricante
           </b>
</td>
</tr>
<tr>
<td colspan="1" rowspan="1" style="height:21px;">
           Horómetro primera etapa de refrigeración
          </td>
<td colspan="1" rowspan="1" style="">
</td>
<td colspan="1" rowspan="1" style="">
</td>
</tr>
<tr>
<td colspan="1" rowspan="1" style="height:21px;">
<b>
            Marca
           </b>
</td>
<td colspan="1" rowspan="1" style="">
</td>
<td colspan="1" rowspan="1" style="">
<b>
            Inf. Fabricante
           </b>
</td>
</tr>
<tr>
<td colspan="1" rowspan="1" style="height:21px;">
<b>
            Tensión nominal
           </b>
</td>
<td colspan="1" rowspan="1" style="">
<b>
            Vca
           </b>
</td>
<td colspan="1" rowspan="1" style="">
<b>
            208
           </b>
</td>
</tr>
<tr>
<td colspan="1" rowspan="1" style="height:21px;">
<b>
            Corriente nominal
           </b>
</td>
<td colspan="1" rowspan="1" style="">
</td>
<td colspan="1" rowspan="1" style="">
<b>
            Inf. Fabricante
           </b>
</td>
</tr>
<tr>
<td colspan="1" rowspan="1" style="height:21px;">
           Horómetro segunda etapa de refrigeración
          </td>
<td colspan="1" rowspan="1" style="">
</td>
<td colspan="1" rowspan="1" style="">
</td>
</tr>
<tr>
<td colspan="1" rowspan="1" style="height:21px;">
<b>
            Marca
           </b>
</td>
<td colspan="1" rowspan="1" style="">
</td>
<td colspan="1" rowspan="1" style="">
<b>
            Inf. Fabricante
           </b>
</td>
</tr>
<tr>
<td colspan="1" rowspan="1" style="height:21px;">
<b>
            Tensión nominal
           </b>
</td>
<td colspan="1" rowspan="1" style="">
<b>
            Vca
           </b>
</td>
<td colspan="1" rowspan="1" style="">
<b>
            208
           </b>
</td>
</tr>
<tr>
<td colspan="1" rowspan="1" style="height:22px;">
<b>
            Corriente nominal
           </b>
</td>
<td colspan="1" rowspan="1" style="">
</td>
<td colspan="1" rowspan="1" style="">
<b>
            Inf. Fabricante
           </b>
</td>
</tr>
<tr>
<td colspan="1" rowspan="17" style="height:21px;">
           6.8
          </td>
<td colspan="1" rowspan="1" style="">
           Transformadores de corriente tipo buje
          </td>
<td colspan="1" rowspan="1" style="">
</td>
<td colspan="1" rowspan="1" style="">
</td>
</tr>
<tr>
<td colspan="1" rowspan="1" style="height:21px;">
<b>
            Normas aplicables
           </b>
</td>
<td colspan="1" rowspan="1" style="">
</td>
<td colspan="1" rowspan="1" style="">
<b>
            IEC 60044 – 1
           </b>
</td>
</tr>
<tr>
<td colspan="1" rowspan="1" style="height:21px;">
<b>
            Ubicación
           </b>
</td>
<td colspan="1" rowspan="1" style="">
</td>
<td colspan="1" rowspan="1" style="">
<b>
            Primario
           </b>
</td>
</tr>
<tr>
<td colspan="1" rowspan="1" style="height:21px;">
<b>
            Cantidad
           </b>
</td>
<td colspan="1" rowspan="1" style="">
</td>
<td colspan="1" rowspan="1" style="">
<b>
            1
           </b>
</td>
</tr>
<tr>
<td colspan="1" rowspan="1" style="height:21px;">
<b>
            Relación
           </b>
</td>
<td colspan="1" rowspan="1" style="">
</td>
<td colspan="1" rowspan="1" style="">
<b>
            600 / 1
           </b>
</td>
</tr>
<tr>
<td colspan="1" rowspan="1" style="height:21px;">
<b>
            Potencia (burden)
           </b>
</td>
<td colspan="1" rowspan="1" style="">
<b>
            VA
           </b>
</td>
<td colspan="1" rowspan="1" style="">
<b>
            5
           </b>
</td>
</tr>
<tr>
<td colspan="1" rowspan="1" style="height:21px;">
<b>
            Clase exactitud
           </b>
</td>
<td colspan="1" rowspan="1" style="">
</td>
<td colspan="1" rowspan="1" style="">
<b>
            5P20
           </b>
</td>
</tr>
<tr>
<td colspan="1" rowspan="1" style="height:21px;">
<b>
            Ubicación
           </b>
</td>
<td colspan="1" rowspan="1" style="">
</td>
<td colspan="1" rowspan="1" style="">
<b>
            Secundario
           </b>
</td>
</tr>
<tr>
<td colspan="1" rowspan="1" style="height:21px;">
<b>
            Cantidad
           </b>
</td>
<td colspan="1" rowspan="1" style="">
</td>
<td colspan="1" rowspan="1" style="">
<b>
            1
           </b>
</td>
</tr>
<tr>
<td colspan="1" rowspan="1" style="height:21px;">
<b>
            Relación
           </b>
</td>
<td colspan="1" rowspan="1" style="">
</td>
<td colspan="1" rowspan="1" style="">
<b>
            2500 / 1
           </b>
</td>
</tr>
<tr>
<td colspan="1" rowspan="1" style="height:21px;">
<b>
            Potencia (burden)
           </b>
</td>
<td colspan="1" rowspan="1" style="">
</td>
<td colspan="1" rowspan="1" style="">
<b>
            5
           </b>
</td>
</tr>
<tr>
<td colspan="1" rowspan="1" style="height:21px;">
<b>
            Clase exactitud
           </b>
</td>
<td colspan="1" rowspan="1" style="">
<b>
            VA
           </b>
</td>
<td colspan="1" rowspan="1" style="">
<b>
            5P20
           </b>
</td>
</tr>
<tr>
<td colspan="1" rowspan="1" style="height:21px;">
<b>
            Ubicación
           </b>
</td>
<td colspan="1" rowspan="1" style="">
</td>
<td colspan="1" rowspan="1" style="">
<b>
            Terciario
           </b>
</td>
</tr>
<tr>
<td colspan="1" rowspan="1" style="height:21px;">
<b>
            Cantidad
           </b>
</td>
<td colspan="1" rowspan="1" style="">
</td>
<td colspan="1" rowspan="1" style="">
<b>
            2
           </b>
</td>
</tr>
<tr>
<td colspan="1" rowspan="1" style="height:21px;">
<b>
            Relación
           </b>
</td>
<td colspan="1" rowspan="1" style="">
</td>
<td colspan="1" rowspan="1" style="">
<b>
            Inf. fabricante
           </b>
</td>
</tr>
<tr>
<td colspan="1" rowspan="1" style="height:21px;">
<b>
            Potencia (burden)
           </b>
</td>
<td colspan="1" rowspan="1" style="">
</td>
<td colspan="1" rowspan="1" style="">
<b>
            5
           </b>
</td>
</tr>
<tr>
<td colspan="1" rowspan="1" style="height:21px;">
<b>
            Clase exactitud
           </b>
</td>
<td colspan="1" rowspan="1" style="">
</td>
<td colspan="1" rowspan="1" style="">
<b>
            5P20
           </b>
</td>
</tr>
<tr>
<td colspan="1" rowspan="51" style="height:21px;">
           6.9
          </td>
<td colspan="1" rowspan="1" style="">
           Cambiador de derivaciones bajo carga
          </td>
<td colspan="1" rowspan="1" style="">
</td>
<td colspan="1" rowspan="1" style="">
</td>
</tr>
<tr>
<td colspan="1" rowspan="1" style="height:21px;">
<b>
            Fabricante
           </b>
</td>
<td colspan="1" rowspan="1" style="">
</td>
<td colspan="1" rowspan="1" style="">
<b>
            Inf. Fabricante
           </b>
</td>
</tr>
<tr>
<td colspan="1" rowspan="1" style="height:21px;">
<b>
            Tipo
           </b>
</td>
<td colspan="1" rowspan="1" style="">
</td>
<td colspan="1" rowspan="1" style="">
<b>
            Inf. Fabricante
           </b>
</td>
</tr>
<tr>
<td colspan="1" rowspan="1" style="height:21px;">
<b>
            Norma aplicable
           </b>
</td>
<td colspan="1" rowspan="1" style="">
</td>
<td colspan="1" rowspan="1" style="">
<b>
            IEC 60214
           </b>
</td>
</tr>
<tr>
<td colspan="1" rowspan="1" style="height:21px;">
<b>
            Devanado en el cual se ubica
           </b>
</td>
<td colspan="1" rowspan="1" style="">
</td>
<td colspan="1" rowspan="1" style="">
<b>
            Inf. Fabricante
           </b>
</td>
</tr>
<tr>
<td colspan="1" rowspan="1" style="height:21px;">
<b>
            Número de pasos
           </b>
</td>
<td colspan="1" rowspan="1" style="">
</td>
<td colspan="1" rowspan="1" style="">
<b>
            Inf. Fabricante
           </b>
</td>
</tr>
<tr>
<td colspan="1" rowspan="1" style="height:21px;">
<b>
            Tensión de cada paso
           </b>
</td>
<td colspan="1" rowspan="1" style="">
<b>
            kV
           </b>
</td>
<td colspan="1" rowspan="1" style="">
<b>
            Inf. Fabricante
           </b>
</td>
</tr>
<tr>
<td colspan="1" rowspan="1" style="height:21px;">
<b>
            Modelo de selector
           </b>
</td>
<td colspan="1" rowspan="1" style="">
</td>
<td colspan="1" rowspan="1" style="">
<b>
            Inf. Fabricante
           </b>
</td>
</tr>
<tr>
<td colspan="1" rowspan="1" style="height:21px;">
<b>
            Corriente nominal
           </b>
</td>
<td colspan="1" rowspan="1" style="">
<b>
            A
           </b>
</td>
<td colspan="1" rowspan="1" style="">
<b>
            Inf. Fabricante
           </b>
</td>
</tr>
<tr>
<td colspan="1" rowspan="1" style="height:21px;">
<b>
            Corriente de cortocircuito 2 seg
           </b>
</td>
<td colspan="1" rowspan="1" style="">
<b>
            kA
           </b>
</td>
<td colspan="1" rowspan="1" style="">
<b>
            Inf. Fabricante
           </b>
</td>
</tr>
<tr>
<td colspan="1" rowspan="1" style="height:21px;">
<b>
            Cantidad de aceite
           </b>
</td>
<td colspan="1" rowspan="1" style="">
<b>
            lt
           </b>
</td>
<td colspan="1" rowspan="1" style="">
<b>
            Inf. Fabricante
           </b>
</td>
</tr>
<tr>
<td colspan="1" rowspan="1" style="height:21px;">
           Accionamiento del CDBC (motor)
          </td>
<td colspan="1" rowspan="1" style="">
</td>
<td colspan="1" rowspan="1" style="">
</td>
</tr>
<tr>
<td colspan="1" rowspan="1" style="height:21px;">
<b>
            Tipo/modelo
           </b>
</td>
<td colspan="1" rowspan="1" style="">
</td>
<td colspan="1" rowspan="1" style="">
<b>
            Inf. Fabricante
           </b>
</td>
</tr>
<tr>
<td colspan="1" rowspan="1" style="height:21px;">
<b>
            Tensión nominal
           </b>
</td>
<td colspan="1" rowspan="1" style="">
<b>
            Vca
           </b>
</td>
<td colspan="1" rowspan="1" style="">
<b>
            208
           </b>
</td>
</tr>
<tr>
<td colspan="1" rowspan="1" style="height:21px;">
<b>
            Potencia
           </b>
</td>
<td colspan="1" rowspan="1" style="">
<b>
            W
           </b>
</td>
<td colspan="1" rowspan="1" style="">
<b>
            Inf. Fabricante
           </b>
</td>
</tr>
<tr>
<td colspan="1" rowspan="1" style="height:21px;">
<b>
            Número de fases
           </b>
</td>
<td colspan="1" rowspan="1" style="">
</td>
<td colspan="1" rowspan="1" style="">
<b>
            3
           </b>
</td>
</tr>
<tr>
<td colspan="1" rowspan="1" style="height:21px;">
<b>
            Frecuencia
           </b>
</td>
<td colspan="1" rowspan="1" style="">
<b>
            Hz
           </b>
</td>
<td colspan="1" rowspan="1" style="">
<b>
            60
           </b>
</td>
</tr>
<tr>
<td colspan="1" rowspan="1" style="height:21px;">
           Protecciones del CDBC
          </td>
<td colspan="1" rowspan="1" style="">
</td>
<td colspan="1" rowspan="1" style="">
</td>
</tr>
<tr>
<td colspan="1" rowspan="1" style="height:21px;">
<b>
            Modelo relé de flujo
           </b>
</td>
<td colspan="1" rowspan="1" style="">
</td>
<td colspan="1" rowspan="1" style="">
<b>
            Inf. Fabricante
           </b>
</td>
</tr>
<tr>
<td colspan="1" rowspan="1" style="height:21px;">
<b>
            Válvula de protección de sobrepresión
           </b>
</td>
<td colspan="1" rowspan="1" style="">
</td>
<td colspan="1" rowspan="1" style="">
<b>
            Inf. Fabricante
           </b>
</td>
</tr>
<tr>
<td colspan="1" rowspan="1" style="height:21px;">
<b>
            Número de contactos NA
           </b>
</td>
<td colspan="1" rowspan="1" style="">
</td>
<td colspan="1" rowspan="1" style="">
<b>
            Inf. Fabricante
           </b>
</td>
</tr>
<tr>
<td colspan="1" rowspan="1" style="height:21px;">
           Tipo de Selector
          </td>
<td colspan="1" rowspan="1" style="">
</td>
<td colspan="1" rowspan="1" style="">
</td>
</tr>
<tr>
<td colspan="1" rowspan="1" style="height:21px;">
<b>
            Número de operaciones del selector
           </b>
</td>
<td colspan="1" rowspan="1" style="">
</td>
<td colspan="1" rowspan="1" style="">
<b>
            Inf. Fabricante
           </b>
</td>
</tr>
<tr>
<td colspan="1" rowspan="1" style="height:21px;">
<b>
            Potencia nominal por escalón
           </b>
</td>
<td colspan="1" rowspan="1" style="">
<b>
            kVA
           </b>
</td>
<td colspan="1" rowspan="1" style="">
<b>
            Inf. Fabricante
           </b>
</td>
</tr>
<tr>
<td colspan="1" rowspan="1" style="height:21px;">
<b>
            Tensión máximo por paso
           </b>
</td>
<td colspan="1" rowspan="1" style="">
<b>
            Vca
           </b>
</td>
<td colspan="1" rowspan="1" style="">
<b>
            Inf. Fabricante
           </b>
</td>
</tr>
<tr>
<td colspan="1" rowspan="1" style="height:21px;">
           Contactores de comando del CDBC
          </td>
<td colspan="1" rowspan="1" style="">
</td>
<td colspan="1" rowspan="1" style="">
</td>
</tr>
<tr>
<td colspan="1" rowspan="1" style="height:21px;">
<b>
            No. de Polos
           </b>
</td>
<td colspan="1" rowspan="1" style="">
</td>
<td colspan="1" rowspan="1" style="">
<b>
            3
           </b>
</td>
</tr>
<tr>
<td colspan="1" rowspan="1" style="height:21px;">
<b>
            Tensión nominal
           </b>
</td>
<td colspan="1" rowspan="1" style="">
<b>
            Vca
           </b>
</td>
<td colspan="1" rowspan="1" style="">
<b>
            208
           </b>
</td>
</tr>
<tr>
<td colspan="1" rowspan="1" style="height:21px;">
<b>
            Corriente nominal
           </b>
</td>
<td colspan="1" rowspan="1" style="">
<b>
            A
           </b>
</td>
<td colspan="1" rowspan="1" style="">
<b>
            Inf. Fabricante
           </b>
</td>
</tr>
<tr>
<td colspan="1" rowspan="1" style="height:21px;">
           Botoneras y switches
          </td>
<td colspan="1" rowspan="1" style="">
</td>
<td colspan="1" rowspan="1" style="">
</td>
</tr>
<tr>
<td colspan="1" rowspan="1" style="height:21px;">
<b>
            Tensión nominal
           </b>
</td>
<td colspan="1" rowspan="1" style="">
<b>
            Vcc
           </b>
</td>
<td colspan="1" rowspan="1" style="">
<b>
            125
           </b>
</td>
</tr>
<tr>
<td colspan="1" rowspan="1" style="height:21px;">
<b>
            Corriente nominal
           </b>
</td>
<td colspan="1" rowspan="1" style="">
<b>
            A
           </b>
</td>
<td colspan="1" rowspan="1" style="">
<b>
            Inf. Fabricante
           </b>
</td>
</tr>
<tr>
<td colspan="1" rowspan="1" style="height:21px;">
           Número de coronas potenciométricas
          </td>
<td colspan="1" rowspan="1" style="">
</td>
<td colspan="1" rowspan="1" style="">
<b>
            1
           </b>
</td>
</tr>
<tr>
<td colspan="1" rowspan="1" style="height:21px;">
           Número Corona contactos
          </td>
<td colspan="1" rowspan="1" style="">
</td>
<td colspan="1" rowspan="1" style="">
<b>
            1
           </b>
</td>
</tr>
<tr>
<td colspan="1" rowspan="1" style="height:21px;">
           Indicación matriz de diodos codigo Grey
          </td>
<td colspan="1" rowspan="1" style="">
</td>
<td colspan="1" rowspan="1" style="">
<b>
            1
           </b>
</td>
</tr>
<tr>
<td colspan="1" rowspan="1" style="height:21px;">
<b>
            Codigo Grey
           </b>
</td>
<td colspan="1" rowspan="1" style="">
</td>
<td colspan="1" rowspan="1" style="">
<b>
            Inf. Fabricante
           </b>
</td>
</tr>
<tr>
<td colspan="1" rowspan="1" style="height:21px;">
           Transductor para la indicación de Taps
          </td>
<td colspan="1" rowspan="1" style="">
</td>
<td colspan="1" rowspan="1" style="">
</td>
</tr>
<tr>
<td colspan="1" rowspan="1" style="height:21px;">
<b>
            Número de transductores suministrados
           </b>
</td>
<td colspan="1" rowspan="1" style="">
</td>
<td colspan="1" rowspan="1" style="">
<b>
            Inf. Fabricante
           </b>
</td>
</tr>
<tr>
<td colspan="1" rowspan="1" style="height:21px;">
<b>
            Tensión nominal
           </b>
</td>
<td colspan="1" rowspan="1" style="">
<b>
            Vcc
           </b>
</td>
<td colspan="1" rowspan="1" style="">
<b>
            125
           </b>
</td>
</tr>
<tr>
<td colspan="1" rowspan="1" style="height:21px;">
<b>
            Señal analógica
           </b>
</td>
<td colspan="1" rowspan="1" style="">
<b>
            mA
           </b>
</td>
<td colspan="1" rowspan="1" style="">
<b>
            +/- 10
           </b>
</td>
</tr>
<tr>
<td colspan="1" rowspan="1" style="height:21px;">
<b>
            Marca
           </b>
</td>
<td colspan="1" rowspan="1" style="">
</td>
<td colspan="1" rowspan="1" style="">
<b>
            Inf. Fabricante
           </b>
</td>
</tr>
<tr>
<td colspan="1" rowspan="1" style="height:21px;">
           Filtro deshumedecedor de aceite del CDBC
          </td>
<td colspan="1" rowspan="1" style="">
</td>
<td colspan="1" rowspan="1" style="">
</td>
</tr>
<tr>
<td colspan="1" rowspan="1" style="height:21px;">
<b>
            Fabricante
           </b>
</td>
<td colspan="1" rowspan="1" style="">
</td>
<td colspan="1" rowspan="1" style="">
<b>
            Inf. Fabricante
           </b>
</td>
</tr>
<tr>
<td colspan="1" rowspan="1" style="height:21px;">
<b>
            Tensión de alimentación
           </b>
</td>
<td colspan="1" rowspan="1" style="">
<b>
            Vca
           </b>
</td>
<td colspan="1" rowspan="1" style="">
<b>
            208
           </b>
</td>
</tr>
<tr>
<td colspan="1" rowspan="1" style="height:21px;">
           Relé regulador de Tensión
          </td>
<td colspan="1" rowspan="1" style="">
</td>
<td colspan="1" rowspan="1" style="">
</td>
</tr>
<tr>
<td colspan="1" rowspan="1" style="height:21px;">
<b>
            Fabricante
           </b>
</td>
<td colspan="1" rowspan="1" style="">
</td>
<td colspan="1" rowspan="1" style="">
<b>
            Inf. Fabricante
           </b>
</td>
</tr>
<tr>
<td colspan="1" rowspan="1" style="height:21px;">
<b>
            Tipo
           </b>
</td>
<td colspan="1" rowspan="1" style="">
</td>
<td colspan="1" rowspan="1" style="">
<b>
            Inf. Fabricante
           </b>
</td>
</tr>
<tr>
<td colspan="1" rowspan="1" style="height:21px;">
<b>
            Tensión de alimentación
           </b>
</td>
<td colspan="1" rowspan="1" style="">
<b>
            Vcc
           </b>
</td>
<td colspan="1" rowspan="1" style="">
<b>
            125
           </b>
</td>
</tr>
<tr>
<td colspan="1" rowspan="1" style="height:21px;">
<b>
            Tensión de referencia
           </b>
</td>
<td colspan="1" rowspan="1" style="">
<b>
            Vca
           </b>
</td>
<td colspan="1" rowspan="1" style="">
<b>
            115
           </b>
</td>
</tr>
<tr>
<td colspan="1" rowspan="1" style="height:21px;">
<b>
            Rango de ajuste de ancho de banda
           </b>
</td>
<td colspan="1" rowspan="1" style="">
</td>
<td colspan="1" rowspan="1" style="">
<b>
            Inf. Fabricante
           </b>
</td>
</tr>
<tr>
<td colspan="1" rowspan="1" style="height:21px;">
<b>
            Rango de compensación de caida en transformador de corriente
           </b>
</td>
<td colspan="1" rowspan="1" style="">
</td>
<td colspan="1" rowspan="1" style="">
<b>
            Inf. Fabricante
           </b>
</td>
</tr>
<tr>
<td colspan="1" rowspan="5" style="height:21px;">
           6.10
          </td>
<td colspan="1" rowspan="1" style="">
           Requerimientos gabinete de control
          </td>
<td colspan="1" rowspan="1" style="">
</td>
<td colspan="1" rowspan="1" style="">
</td>
</tr>
<tr>
<td colspan="1" rowspan="1" style="height:21px;">
<b>
            Iluminación interior
           </b>
</td>
<td colspan="1" rowspan="1" style="">
<b>
            Vca
           </b>
</td>
<td colspan="1" rowspan="1" style="">
<b>
            120
           </b>
</td>
</tr>
<tr>
<td colspan="1" rowspan="1" style="height:21px;">
<b>
            Calefactores para el gabinete
           </b>
</td>
<td colspan="1" rowspan="1" style="">
</td>
<td colspan="1" rowspan="1" style="">
</td>
</tr>
<tr>
<td colspan="1" rowspan="1" style="height:21px;">
<b>
            Tensión nominal
           </b>
</td>
<td colspan="1" rowspan="1" style="">
<b>
            Vca
           </b>
</td>
<td colspan="1" rowspan="1" style="">
<b>
            120
           </b>
</td>
</tr>
<tr>
<td colspan="1" rowspan="1" style="height:22px;">
<b>
            Potencia
           </b>
</td>
<td colspan="1" rowspan="1" style="">
<b>
            kW
           </b>
</td>
<td colspan="1" rowspan="1" style="">
<b>
            Inf. Fabricante
           </b>
</td>
</tr>
<tr>
<td colspan="1" rowspan="24" style="height:21px;">
           6.11
          </td>
<td colspan="1" rowspan="1" style="">
           Protecciones
          </td>
<td colspan="1" rowspan="1" style="">
</td>
<td colspan="1" rowspan="1" style="">
</td>
</tr>
<tr>
<td colspan="1" rowspan="1" style="height:21px;">
           Tanque principal
          </td>
<td colspan="1" rowspan="1" style="">
</td>
<td colspan="1" rowspan="1" style="">
</td>
</tr>
<tr>
<td colspan="1" rowspan="1" style="height:21px;">
           Relé Buchholz
          </td>
<td colspan="1" rowspan="1" style="">
</td>
<td colspan="1" rowspan="1" style="">
</td>
</tr>
<tr>
<td colspan="1" rowspan="1" style="height:21px;">
<b>
            Marca/Modelo
           </b>
</td>
<td colspan="1" rowspan="1" style="">
</td>
<td colspan="1" rowspan="1" style="">
<b>
            Inf. Fabricante
           </b>
</td>
</tr>
<tr>
<td colspan="1" rowspan="1" style="height:21px;">
<b>
            Resistencia a sismos
           </b>
</td>
<td colspan="1" rowspan="1" style="">
</td>
<td colspan="1" rowspan="1" style="">
<b>
            Sí
           </b>
</td>
</tr>
<tr>
<td colspan="1" rowspan="1" style="height:21px;">
<b>
            No de contactos NA (alarma y disparo)
           </b>
</td>
<td colspan="1" rowspan="1" style="">
</td>
<td colspan="1" rowspan="1" style="">
<b>
            Inf. Fabricante
           </b>
</td>
</tr>
<tr>
<td colspan="1" rowspan="1" style="height:21px;">
           Válvula de alivio de presión
          </td>
<td colspan="1" rowspan="1" style="">
</td>
<td colspan="1" rowspan="1" style="">
</td>
</tr>
<tr>
<td colspan="1" rowspan="1" style="height:21px;">
<b>
            Marca/Modelo
           </b>
</td>
<td colspan="1" rowspan="1" style="">
</td>
<td colspan="1" rowspan="1" style="">
<b>
            Inf. Fabricante
           </b>
</td>
</tr>
<tr>
<td colspan="1" rowspan="1" style="height:21px;">
<b>
            Resistencia a sismos
           </b>
</td>
<td colspan="1" rowspan="1" style="">
</td>
<td colspan="1" rowspan="1" style="">
<b>
            Sí
           </b>
</td>
</tr>
<tr>
<td colspan="1" rowspan="1" style="height:21px;">
<b>
            Rango de operación
           </b>
</td>
<td colspan="1" rowspan="1" style="">
<b>
            Kg/cm2
           </b>
</td>
<td colspan="1" rowspan="1" style="">
<b>
            Inf. Fabricante
           </b>
</td>
</tr>
<tr>
<td colspan="1" rowspan="1" style="height:21px;">
<b>
            No. de contactos NA (operación/alarma)
           </b>
</td>
<td colspan="1" rowspan="1" style="">
</td>
<td colspan="1" rowspan="1" style="">
<b>
            Inf. Fabricante
           </b>
</td>
</tr>
<tr>
<td colspan="1" rowspan="1" style="height:21px;">
           Relé de aumento rápido de presión
          </td>
<td colspan="1" rowspan="1" style="">
</td>
<td colspan="1" rowspan="1" style="">
</td>
</tr>
<tr>
<td colspan="1" rowspan="1" style="height:21px;">
<b>
            Marca/Modelo
           </b>
</td>
<td colspan="1" rowspan="1" style="">
</td>
<td colspan="1" rowspan="1" style="">
<b>
            Inf. Fabricante
           </b>
</td>
</tr>
<tr>
<td colspan="1" rowspan="1" style="height:21px;">
<b>
            No. de contactos NA (alarma y disparo)
           </b>
</td>
<td colspan="1" rowspan="1" style="">
</td>
<td colspan="1" rowspan="1" style="">
<b>
            Inf. Fabricante
           </b>
</td>
</tr>
<tr>
<td colspan="1" rowspan="1" style="height:21px;">
           CDBC
          </td>
<td colspan="1" rowspan="1" style="">
</td>
<td colspan="1" rowspan="1" style="">
</td>
</tr>
<tr>
<td colspan="1" rowspan="1" style="height:21px;">
           Relé flujo súbito de aceite
          </td>
<td colspan="1" rowspan="1" style="">
</td>
<td colspan="1" rowspan="1" style="">
</td>
</tr>
<tr>
<td colspan="1" rowspan="1" style="height:21px;">
<b>
            Marca/Modelo
           </b>
</td>
<td colspan="1" rowspan="1" style="">
</td>
<td colspan="1" rowspan="1" style="">
<b>
            Inf. Fabricante
           </b>
</td>
</tr>
<tr>
<td colspan="1" rowspan="1" style="height:21px;">
<b>
            Resistencia a sismos
           </b>
</td>
<td colspan="1" rowspan="1" style="">
</td>
<td colspan="1" rowspan="1" style="">
<b>
            Sí
           </b>
</td>
</tr>
<tr>
<td colspan="1" rowspan="1" style="height:21px;">
<b>
            No. de contactos NA/NC
           </b>
</td>
<td colspan="1" rowspan="1" style="">
</td>
<td colspan="1" rowspan="1" style="">
<b>
            Inf. Fabricante
           </b>
</td>
</tr>
<tr>
<td colspan="1" rowspan="1" style="height:21px;">
           Válvula de alivio de presión
          </td>
<td colspan="1" rowspan="1" style="">
</td>
<td colspan="1" rowspan="1" style="">
</td>
</tr>
<tr>
<td colspan="1" rowspan="1" style="height:21px;">
<b>
            Marca/Modelo
           </b>
</td>
<td colspan="1" rowspan="1" style="">
</td>
<td colspan="1" rowspan="1" style="">
<b>
            Inf. Fabricante
           </b>
</td>
</tr>
<tr>
<td colspan="1" rowspan="1" style="height:21px;">
<b>
            Resistencia a sismos
           </b>
</td>
<td colspan="1" rowspan="1" style="">
</td>
<td colspan="1" rowspan="1" style="">
<b>
            Sí
           </b>
</td>
</tr>
<tr>
<td colspan="1" rowspan="1" style="height:21px;">
<b>
            Rango de operación
           </b>
</td>
<td colspan="1" rowspan="1" style="">
</td>
<td colspan="1" rowspan="1" style="">
<b>
            Inf. Fabricante
           </b>
</td>
</tr>
<tr>
<td colspan="1" rowspan="1" style="height:21px;">
<b>
            No. de contactos NA/NC
           </b>
</td>
<td colspan="1" rowspan="1" style="">
</td>
<td colspan="1" rowspan="1" style="">
<b>
            Inf. Fabricante
           </b>
</td>
</tr>
<tr>
<td colspan="1" rowspan="16" style="height:21px;">
           6.12
          </td>
<td colspan="1" rowspan="1" style="">
           Indicadores
          </td>
<td colspan="1" rowspan="1" style="">
</td>
<td colspan="1" rowspan="1" style="">
</td>
</tr>
<tr>
<td colspan="1" rowspan="1" style="height:21px;">
           Indicador nivel de aceite con contactos de alarma por alto y bajo nivel (Tanque principal).
          </td>
<td colspan="1" rowspan="1" style="">
</td>
<td colspan="1" rowspan="1" style="">
</td>
</tr>
<tr>
<td colspan="1" rowspan="1" style="height:21px;">
<b>
            Marca/Modelo
           </b>
</td>
<td colspan="1" rowspan="1" style="">
</td>
<td colspan="1" rowspan="1" style="">
<b>
            Inf. Fabricante
           </b>
</td>
</tr>
<tr>
<td colspan="1" rowspan="1" style="height:21px;">
<b>
            No. de contactos NA
           </b>
</td>
<td colspan="1" rowspan="1" style="">
</td>
<td colspan="1" rowspan="1" style="">
<b>
            Inf. Fabricante
           </b>
</td>
</tr>
<tr>
<td colspan="1" rowspan="1" style="height:21px;">
<b>
            Escala
           </b>
</td>
<td colspan="1" rowspan="1" style="">
</td>
<td colspan="1" rowspan="1" style="">
<b>
            200°
           </b>
</td>
</tr>
<tr>
<td colspan="1" rowspan="1" style="height:21px;">
           Indicador nivel de aceite con contactos de alto y bajo nivel (CDBC).
          </td>
<td colspan="1" rowspan="1" style="">
</td>
<td colspan="1" rowspan="1" style="">
</td>
</tr>
<tr>
<td colspan="1" rowspan="1" style="height:21px;">
<b>
            Marca/Modelo
           </b>
</td>
<td colspan="1" rowspan="1" style="">
</td>
<td colspan="1" rowspan="1" style="">
<b>
            Inf. Fabricante
           </b>
</td>
</tr>
<tr>
<td colspan="1" rowspan="1" style="height:21px;">
<b>
            No. de contactos NA
           </b>
</td>
<td colspan="1" rowspan="1" style="">
</td>
<td colspan="1" rowspan="1" style="">
<b>
            Inf. Fabricante
           </b>
</td>
</tr>
<tr>
<td colspan="1" rowspan="1" style="height:21px;">
<b>
            Escala
           </b>
</td>
<td colspan="1" rowspan="1" style="">
</td>
<td colspan="1" rowspan="1" style="">
<b>
            140°
           </b>
</td>
</tr>
<tr>
<td colspan="1" rowspan="1" style="height:21px;">
           Respirador-secador de aire (Tanque principal)
          </td>
<td colspan="1" rowspan="1" style="">
</td>
<td colspan="1" rowspan="1" style="">
<b>
            Sí
           </b>
</td>
</tr>
<tr>
<td colspan="1" rowspan="1" style="height:21px;">
           Respirador-secador de aire (CDBC)
          </td>
<td colspan="1" rowspan="1" style="">
</td>
<td colspan="1" rowspan="1" style="">
<b>
            Sí
           </b>
</td>
</tr>
<tr>
<td colspan="1" rowspan="1" style="height:21px;">
           Detector de temperatura de aceite (Tanque principal)
          </td>
<td colspan="1" rowspan="1" style="">
</td>
<td colspan="1" rowspan="1" style="">
<b>
            Pt 100
           </b>
</td>
</tr>
<tr>
<td colspan="1" rowspan="1" style="height:21px;">
           Detector de temperatura de aceite (Cambiador derivaciones).
          </td>
<td colspan="1" rowspan="1" style="">
</td>
<td colspan="1" rowspan="1" style="">
<b>
            Pt 100
           </b>
</td>
</tr>
<tr>
<td colspan="1" rowspan="1" style="height:21px;">
           Detector de temperatura de devanado primario (Punto más caliente).
          </td>
<td colspan="1" rowspan="1" style="">
</td>
<td colspan="1" rowspan="1" style="">
<b>
            Pt 100
           </b>
</td>
</tr>
<tr>
<td colspan="1" rowspan="1" style="height:21px;">
           Detector de temperatura de devanado secundario (Punto más caliente)
          </td>
<td colspan="1" rowspan="1" style="">
</td>
<td colspan="1" rowspan="1" style="">
<b>
            Pt 100
           </b>
</td>
</tr>
<tr>
<td colspan="1" rowspan="1" style="height:21px;">
           Detector de temperatura de devanado terciario (Punto más caliente)
          </td>
<td colspan="1" rowspan="1" style="">
</td>
<td colspan="1" rowspan="1" style="">
<b>
            Pt 100
           </b>
</td>
</tr>
<tr>
<td colspan="1" rowspan="12" style="height:21px;">
           6.13
          </td>
<td colspan="1" rowspan="1" style="">
           Sistema monitor de temperatura
          </td>
<td colspan="1" rowspan="1" style="">
</td>
<td colspan="1" rowspan="1" style="">
</td>
</tr>
<tr>
<td colspan="1" rowspan="1" style="height:21px;">
<b>
            Fabricante
           </b>
</td>
<td colspan="1" rowspan="1" style="">
</td>
<td colspan="1" rowspan="1" style="">
<b>
            Qualitrol o similar
           </b>
</td>
</tr>
<tr>
<td colspan="1" rowspan="1" style="height:21px;">
<b>
            Tensión de alimentación
           </b>
</td>
<td colspan="1" rowspan="1" style="">
<b>
            Vcc
           </b>
</td>
<td colspan="1" rowspan="1" style="">
<b>
            125
           </b>
</td>
</tr>
<tr>
<td colspan="1" rowspan="1" style="height:21px;">
<b>
            No. de entradas de temperatura
           </b>
</td>
<td colspan="1" rowspan="1" style="">
</td>
<td colspan="1" rowspan="1" style="">
<b>
            5 por fase
           </b>
</td>
</tr>
<tr>
<td colspan="1" rowspan="1" style="height:21px;">
<b>
            Sensores de temperatura
           </b>
</td>
<td colspan="1" rowspan="1" style="">
</td>
<td colspan="1" rowspan="1" style="">
<b>
            Pt 100
           </b>
</td>
</tr>
<tr>
<td colspan="1" rowspan="1" style="height:21px;">
<b>
            Contactos de salida 10 A para control (refrigeración 1ª etapa, refrigeración 2ª etapa, alarma, disparo)
           </b>
</td>
<td colspan="1" rowspan="1" style="">
</td>
<td colspan="1" rowspan="1" style="">
<b>
            6 por fase
           </b>
</td>
</tr>
<tr>
<td colspan="1" rowspan="1" style="height:21px;">
<b>
            Salidas análogas
           </b>
</td>
<td colspan="1" rowspan="1" style="">
</td>
<td colspan="1" rowspan="1" style="">
<b>
            Rango 4-20 mA
           </b>
</td>
</tr>
<tr>
<td colspan="1" rowspan="1" style="height:21px;">
<b>
            Rango de salida temperatura aceite
           </b>
</td>
<td colspan="1" rowspan="1" style="">
</td>
<td colspan="1" rowspan="1" style="">
<b>
            0-120°C
           </b>
</td>
</tr>
<tr>
<td colspan="1" rowspan="1" style="height:21px;">
<b>
            Rango de salida temperatura devanados
           </b>
</td>
<td colspan="1" rowspan="1" style="">
</td>
<td colspan="1" rowspan="1" style="">
<b>
            0-180°C
           </b>
</td>
</tr>
<tr>
<td colspan="1" rowspan="1" style="height:21px;">
<b>
            Puerto de comunicaciones
           </b>
</td>
<td colspan="1" rowspan="1" style="">
</td>
<td colspan="1" rowspan="1" style="">
<b>
            RS 485
           </b>
</td>
</tr>
<tr>
<td colspan="1" rowspan="1" style="height:21px;">
<b>
            Protocolo de comunicaciones
           </b>
</td>
<td colspan="1" rowspan="1" style="">
</td>
<td colspan="1" rowspan="1" style="">
<b>
            DNP 3,0
           </b>
</td>
</tr>
<tr>
<td colspan="1" rowspan="1" style="height:21px;">
<b>
            Exactitud
           </b>
</td>
<td colspan="1" rowspan="1" style="">
</td>
<td colspan="1" rowspan="1" style="">
<b>
            2%
           </b>
</td>
</tr>
<tr>
<td colspan="1" rowspan="1" style="height:21px;">
           6.14
          </td>
<td colspan="1" rowspan="1" style="">
           Regulador de tensión para banco trifásico, con comunicación serial al SDA mediante protocolo y supervisión de paralelismo entre bancos.
          </td>
<td colspan="1" rowspan="1" style="">
</td>
<td colspan="1" rowspan="1" style="">
<b>
            Numérico
           </b>
</td>
</tr>
<tr>
<td colspan="1" rowspan="1" style="height:21px;">
           6.15
          </td>
<td colspan="1" rowspan="1" style="">
           Caja para conexión de cables al terciario mediante terminales preformados
          </td>
<td colspan="1" rowspan="1" style="">
</td>
<td colspan="1" rowspan="1" style="">
<b>
            Sí
           </b>
</td>
</tr>
<tr>
<td colspan="1" rowspan="1" style="height:21px;">
           6.16
          </td>
<td colspan="1" rowspan="1" style="">
           Gabinete tipo exterior para interconexión de dispositivos comunes de las unidades del banco
          </td>
<td colspan="1" rowspan="1" style="">
</td>
<td colspan="1" rowspan="1" style="">
<b>
            Sí
           </b>
</td>
</tr>
<tr>
<td colspan="1" rowspan="3" style="height:21px;">
           6.17
          </td>
<td colspan="1" rowspan="1" style="">
           Pintura
          </td>
<td colspan="1" rowspan="1" style="">
</td>
<td colspan="1" rowspan="1" style="">
</td>
</tr>
<tr>
<td colspan="1" rowspan="1" style="height:21px;">
<b>
            Cumplimiento con el proceso de tratamiento y pintura especificado
           </b>
</td>
<td colspan="1" rowspan="1" style="">
</td>
<td colspan="1" rowspan="1" style="">
<b>
            Sí
           </b>
</td>
</tr>
<tr>
<td colspan="1" rowspan="1" style="height:21px;">
<b>
            Color pintura exterior
           </b>
</td>
<td colspan="1" rowspan="1" style="">
</td>
<td colspan="1" rowspan="1" style="">
<b>
            RAL 7038
           </b>
</td>
</tr>
<tr>
<td colspan="1" rowspan="1" style="height:21px;">
           6.18
          </td>
<td colspan="1" rowspan="1" style="">
           Repuestos recomendados
          </td>
<td colspan="1" rowspan="1" style="">
</td>
<td colspan="1" rowspan="1" style="">
<b>
            Inf. Fabricante (anexar documentos)
           </b>
</td>
</tr>
<tr>
<td colspan="1" rowspan="1" style="height:21px;">
           7.
          </td>
<td colspan="1" rowspan="1" style="">
           Pruebas en fábrica
          </td>
<td colspan="1" rowspan="1" style="">
</td>
<td colspan="1" rowspan="1" style="">
</td>
</tr>
<tr>
<td colspan="1" rowspan="1" style="height:21px;">
</td>
<td colspan="1" rowspan="1" style="">
<b>
            Realizan todas las pruebas indicadas en la especificación (Numeral 9)
           </b>
</td>
<td colspan="1" rowspan="1" style="">
</td>
<td colspan="1" rowspan="1" style="">
<b>
            Sí
           </b>
</td>
</tr>
<tr>
<td colspan="1" rowspan="1" style="height:21px;">
           8.
          </td>
<td colspan="1" rowspan="1" style="">
           Desviaciones con respecto a la ET
          </td>
<td colspan="1" rowspan="1" style="">
</td>
<td colspan="1" rowspan="1" style="">
<b>
            Inf. Fabricante
           </b>
</td>
</tr>
</table>
<br/>
</div>
<br/>
</div>
<div class="streamgrouped" id="streamgrouped">

</div>
</div>

</div>"
